1 1 5
1 5 6
1 6 7
1 7 8
1 8 9
1 9 10
1 10 11
1 11 12
1 12 13
1 13 14
1 14 15
1 15 16
1 16 17
1 17 18
1 18 19
1 19 20
1 20 21
1 21 22
1 22 23
1 23 24
1 24 25
1 25 26
1 26 27
1 27 28
1 28 29
1 29 30
1 30 31
1 31 32
1 32 33
1 33 34
1 34 35
1 35 36
1 36 37
1 37 2
2 2 38
2 38 39
2 39 40
2 40 41
2 41 42
2 42 43
2 43 44
2 44 45
2 45 46
2 46 47
2 47 48
2 48 49
2 49 50
2 50 51
2 51 52
2 52 53
2 53 54
2 54 55
2 55 56
2 56 57
2 57 58
2 58 59
2 59 60
2 60 61
2 61 62
2 62 63
2 63 64
2 64 65
2 65 66
2 66 67
2 67 68
2 68 69
2 69 70
2 70 3
3 3 71
3 71 72
3 72 73
3 73 74
3 74 75
3 75 76
3 76 77
3 77 78
3 78 79
3 79 80
3 80 81
3 81 82
3 82 83
3 83 84
3 84 85
3 85 86
3 86 87
3 87 88
3 88 89
3 89 90
3 90 91
3 91 92
3 92 93
3 93 94
3 94 95
3 95 96
3 96 97
3 97 98
3 98 99
3 99 100
3 100 101
3 101 102
3 102 103
3 103 4
4 4 104
4 104 105
4 105 106
4 106 107
4 107 108
4 108 109
4 109 110
4 110 111
4 111 112
4 112 113
4 113 114
4 114 115
4 115 116
4 116 117
4 117 118
4 118 119
4 119 120
4 120 121
4 121 122
4 122 123
4 123 124
4 124 125
4 125 126
4 126 127
4 127 128
4 128 129
4 129 130
4 130 131
4 131 132
4 132 133
4 133 134
4 134 135
4 135 136
4 136 1
