1322 250 621 1
1323 252 623 1
562 1322 621 1
564 1323 623 1
1405 1046 222 1
1406 1047 223 1
1407 1048 224 1
1408 1049 225 1
1011 771 162 1
525 771 1011 1
609 799 1353 1
610 800 1354 1
611 801 1355 1
612 802 1356 1
580 1283 1298 1
582 1284 1299 1
250 1283 580 1
252 1284 582 1
864 1399 901 1
477 819 919 1
291 919 819 1
478 820 920 1
292 920 820 1
479 821 921 1
293 921 821 1
480 822 922 1
294 922 822 1
287 499 727 1
288 500 728 1
289 502 729 1
290 503 730 1
253 624 565 1
151 524 869 1
137 864 901 1
272 799 695 1
273 800 696 1
274 801 697 1
275 802 698 1
154 507 765 1
155 508 766 1
156 509 767 1
157 510 768 1
605 1046 1405 1
606 1047 1406 1
607 1048 1407 1
608 1049 1408 1
255 547 1146 1
256 548 1147 1
257 549 1148 1
258 550 1149 1
299 871 737 1
300 872 738 1
301 873 735 1
302 874 736 1
255 1166 613 1
256 1167 614 1
257 1168 615 1
258 1169 616 1
272 695 543 1
273 696 544 1
274 697 545 1
275 698 546 1
613 1166 1001 1
615 1168 1003 1
614 1167 1002 1
616 1169 1004 1
337 847 558 1
198 558 847 1
338 848 559 1
199 559 848 1
339 849 560 1
200 560 849 1
340 850 561 1
201 561 850 1
287 803 499 1
288 804 500 1
289 807 502 1
290 809 503 1
445 855 1075 1
1353 799 272 1
1354 800 273 1
1355 801 274 1
1356 802 275 1
431 737 871 1
432 738 872 1
433 735 873 1
434 736 874 1
306 713 878 1
436 878 713 1
305 712 877 1
438 877 712 1
304 711 876 1
435 876 711 1
303 710 875 1
437 875 710 1
447 1302 557 1
150 1507 523 1
151 1509 524 1
222 526 932 1
223 527 933 1
333 932 526 1
334 933 527 1
224 528 934 1
335 934 528 1
225 529 935 1
336 935 529 1
723 1061 1556 1
724 1062 1557 1
725 1063 1558 1
726 1064 1559 1
255 1378 547 1
256 1379 548 1
257 1380 549 1
258 1381 550 1
154 826 507 1
155 827 508 1
156 828 509 1
157 829 510 1
259 771 525 1
348 947 604 1
346 945 602 1
347 948 603 1
345 946 601 1
372 1061 723 1
374 1063 725 1
373 1062 724 1
375 1064 726 1
234 591 1251 1
449 1251 591 1
557 1302 1383 1
408 1046 605 1
409 1047 606 1
410 1048 607 1
411 1049 608 1
254 1157 782 1
259 525 823 1
307 1373 1086 1
309 1374 1087 1
308 1375 1088 1
310 1376 1089 1
230 530 883 1
232 531 884 1
231 532 885 1
233 533 886 1
170 570 747 1
171 571 748 1
295 747 570 1
296 748 571 1
172 572 749 1
297 749 572 1
173 573 750 1
298 750 573 1
86 1146 547 1
119 1147 548 1
53 1148 549 1
20 1149 550 1
162 588 1244 1
442 1244 588 1
164 589 1246 1
444 1246 589 1
584 1051 1331 1
585 1052 1332 1
586 1053 1333 1
587 1054 1334 1
150 523 1340 1
430 557 1034 1
204 770 1222 1
182 756 727 1
183 757 728 1
184 758 729 1
185 759 730 1
254 782 591 1
1545 1139 493 1
1546 1140 494 1
1543 1137 491 1
1544 1138 492 1
333 526 1385 1
334 527 1386 1
335 528 1387 1
336 529 1388 1
235 980 539 1
236 981 540 1
237 982 541 1
238 983 542 1
286 1156 1141 1
286 751 1156 1
464 1065 675 1
465 1066 676 1
190 675 1065 1
192 676 1066 1
466 1067 677 1
191 677 1067 1
467 1068 678 1
193 678 1068 1
362 695 799 1
363 696 800 1
364 697 801 1
365 698 802 1
291 1158 526 1
292 1159 527 1
293 1160 528 1
294 1161 529 1
330 1084 525 1
447 557 1304 1
330 525 1011 1
142 1357 1324 1
143 1358 1325 1
144 1359 1326 1
145 1360 1327 1
394 580 988 1
396 582 990 1
395 581 989 1
397 583 991 1
222 919 526 1
223 920 527 1
224 921 528 1
225 922 529 1
220 1075 855 1
257 1148 643 1
255 1146 645 1
258 1149 644 1
256 1147 646 1
291 526 919 1
292 527 920 1
293 528 921 1
294 529 922 1
198 787 566 1
307 566 787 1
199 789 567 1
200 790 568 1
308 567 789 1
309 568 790 1
201 793 569 1
310 569 793 1
230 988 530 1
231 989 532 1
232 990 531 1
233 991 533 1
247 777 551 1
358 1413 558 1
359 1414 559 1
360 1415 560 1
361 1416 561 1
626 1510 1023 1
1246 902 164 1
398 1224 576 1
399 1225 577 1
400 1226 578 1
401 1227 579 1
142 639 1357 1
143 640 1358 1
144 641 1359 1
145 642 1360 1
255 613 1378 1
256 614 1379 1
257 615 1380 1
258 616 1381 1
1331 1051 482 1
1332 1052 483 1
1333 1053 484 1
1334 1054 485 1
502 905 1288 1
503 906 1289 1
499 903 1286 1
500 904 1287 1
406 1205 590 1
564 902 1246 1
204 1154 770 1
507 1016 1349 1
508 1017 1350 1
509 1018 1351 1
510 1019 1352 1
337 879 924 1
338 880 925 1
339 881 926 1
340 882 927 1
563 1493 622 1
251 622 1493 1
381 631 701 1
276 701 631 1
382 632 702 1
277 702 632 1
383 633 703 1
384 634 704 1
278 703 633 1
279 704 634 1
593 1495 1103 1
592 1494 1102 1
594 1496 1104 1
595 1497 1105 1
423 893 811 1
425 895 813 1
424 892 812 1
426 894 814 1
370 769 596 1
203 596 769 1
55 643 1148 1
22 644 1149 1
88 645 1146 1
121 646 1147 1
476 782 1157 1
1300 1111 251 1
1302 1113 253 1
214 811 893 1
216 813 895 1
215 812 892 1
217 814 894 1
280 1029 535 1
281 1030 536 1
282 1031 537 1
283 1032 538 1
154 539 1395 1
155 540 1396 1
156 541 1397 1
157 542 1398 1
617 1295 915 1
618 1294 917 1
619 1297 916 1
620 1296 918 1
727 756 1184 1
728 757 1186 1
729 758 1185 1
730 759 1187 1
332 902 564 1
170 795 570 1
171 796 571 1
172 797 572 1
173 798 573 1
535 313 1228 1
536 314 1229 1
293 1142 1380 1
294 1143 1381 1
291 1144 1378 1
292 1145 1379 1
243 1090 576 1
398 576 1090 1
244 1091 577 1
399 577 1091 1
245 1092 578 1
400 578 1092 1
246 1093 579 1
401 579 1093 1
317 1208 838 1
318 1209 839 1
319 1210 840 1
320 1211 841 1
253 1383 1302 1
556 856 1128 1
1128 856 248 1
838 1208 1460 1
839 1209 1461 1
840 1210 1462 1
841 1211 1463 1
358 706 716 1
146 716 706 1
359 707 718 1
147 718 707 1
360 708 720 1
148 720 708 1
361 709 722 1
149 722 709 1
73 1262 807 1
106 1263 809 1
134 808 1264 1
101 810 1266 1
35 805 1265 1
68 806 1267 1
40 1268 803 1
7 1269 804 1
198 860 558 1
199 861 559 1
200 862 560 1
201 863 561 1
875 1137 1543 1
876 1138 1544 1
877 1139 1545 1
878 1140 1546 1
1419 867 661 1
1420 868 662 1
1417 865 655 1
1418 866 656 1
1361 313 535 1
1362 314 536 1
180 1363 537 1
181 1364 538 1
198 566 860 1
199 567 861 1
200 568 862 1
201 569 863 1
372 723 788 1
158 788 723 1
373 724 791 1
159 791 724 1
374 725 792 1
160 792 725 1
375 726 794 1
161 794 726 1
581 1111 1300 1
583 1113 1302 1
404 1104 1496 1
405 1105 1497 1
403 1103 1495 1
402 1102 1494 1
86 547 1144 1
119 548 1145 1
53 549 1142 1
20 550 1143 1
307 788 1373 1
308 791 1375 1
309 792 1374 1
310 794 1376 1
333 539 896 1
154 896 539 1
334 540 897 1
155 897 540 1
335 541 898 1
156 898 541 1
336 542 899 1
157 899 542 1
333 960 539 1
235 539 960 1
334 961 540 1
236 540 961 1
335 962 541 1
237 541 962 1
336 963 542 1
238 542 963 1
523 1270 858 1
54 55 1148 1
21 22 1149 1
120 121 1147 1
87 88 1146 1
174 1218 663 1
491 663 1218 1
176 1219 664 1
493 664 1219 1
175 1220 665 1
492 665 1220 1
177 1221 666 1
494 666 1221 1
604 947 1201 1
603 948 1203 1
602 945 1202 1
601 946 1204 1
329 761 687 1
362 687 761 1
330 762 688 1
363 688 762 1
331 763 689 1
364 689 763 1
332 764 690 1
365 690 764 1
146 617 915 1
147 619 916 1
148 618 917 1
149 620 918 1
226 1236 1202 1
227 1238 1204 1
228 1237 1201 1
229 1239 1203 1
507 826 1016 1
508 827 1017 1
509 828 1018 1
510 829 1019 1
264 743 570 1
265 744 571 1
266 745 572 1
267 746 573 1
433 1419 661 1
434 1420 662 1
431 1417 655 1
432 1418 656 1
430 1372 557 1
284 923 596 1
1510 152 1023 1
337 558 773 1
338 559 774 1
339 560 775 1
340 561 776 1
419 924 879 1
420 925 880 1
421 926 881 1
422 927 882 1
178 1029 815 1
482 815 1029 1
179 1030 816 1
483 816 1030 1
180 1031 817 1
484 817 1031 1
181 1032 818 1
485 818 1032 1
75 76 655 1
108 109 656 1
131 132 657 1
98 99 658 1
32 33 659 1
65 66 660 1
42 43 661 1
9 10 662 1
329 1096 957 1
331 1097 958 1
231 885 1043 1
230 883 1042 1
233 886 1045 1
232 884 1044 1
180 537 1031 1
181 538 1032 1
280 535 1290 1
281 536 1291 1
282 537 1292 1
283 538 1293 1
272 543 1061 1
273 544 1062 1
274 545 1063 1
275 546 1064 1
250 580 1110 1
394 1110 580 1
252 582 1112 1
395 1111 581 1
396 1112 582 1
397 1113 583 1
408 605 1124 1
243 1124 605 1
409 606 1125 1
244 1125 606 1
410 607 1126 1
245 1126 607 1
411 608 1127 1
246 1127 608 1
150 835 1507 1
151 836 1509 1
226 647 1236 1
227 648 1238 1
228 649 1237 1
229 650 1239 1
558 1413 773 1
559 1414 774 1
560 1415 775 1
561 1416 776 1
691 1065 1166 1
692 1066 1167 1
693 1067 1168 1
694 1068 1169 1
593 1103 1536 1
592 1102 1535 1
595 1105 1538 1
594 1104 1537 1
330 562 1214 1
329 563 1215 1
332 564 1216 1
331 565 1217 1
441 1298 1283 1
443 1299 1284 1
284 596 778 1
544 1557 1062 1
543 1556 1061 1
546 1559 1064 1
545 1558 1063 1
198 752 787 1
372 787 752 1
199 753 789 1
373 789 753 1
200 754 790 1
374 790 754 1
201 755 793 1
375 793 755 1
523 858 1340 1
264 570 795 1
265 571 796 1
266 572 797 1
267 573 798 1
253 565 1383 1
552 1522 743 1
553 1523 744 1
554 1524 745 1
555 1525 746 1
488 1152 873 1
489 1153 874 1
486 1150 871 1
487 1151 872 1
247 551 1272 1
307 831 566 1
308 832 567 1
309 833 568 1
310 834 569 1
543 695 1435 1
544 696 1434 1
545 697 1437 1
546 698 1436 1
590 1205 777 1
406 699 1085 1
445 751 855 1
464 1042 883 1
466 1043 885 1
467 1045 886 1
465 1044 884 1
345 601 995 1
346 602 996 1
347 603 993 1
348 604 994 1
315 1020 1253 1
293 821 1142 1
294 822 1143 1
291 819 1144 1
292 820 1145 1
507 1170 765 1
508 1171 766 1
509 1172 767 1
510 1173 768 1
349 915 1295 1
350 917 1294 1
351 916 1297 1
352 918 1296 1
284 625 923 1
84 85 819 1
117 118 820 1
51 52 821 1
18 19 822 1
576 1224 795 1
577 1225 796 1
578 1226 797 1
579 1227 798 1
315 1253 837 1
488 873 1199 1
489 874 1200 1
486 871 1197 1
487 872 1198 1
268 860 566 1
269 861 567 1
270 862 568 1
271 863 569 1
264 765 1170 1
265 766 1171 1
266 767 1172 1
267 768 1173 1
215 875 1000 1
214 876 999 1
217 877 998 1
216 878 997 1
76 1310 655 1
109 1311 656 1
131 657 1316 1
98 658 1317 1
32 659 1314 1
65 660 1315 1
43 1312 661 1
10 1313 662 1
304 635 1427 1
303 636 1426 1
306 637 1429 1
305 638 1428 1
358 558 1129 1
359 559 1130 1
360 560 1131 1
361 561 1132 1
174 663 1098 1
175 665 1100 1
176 664 1099 1
177 666 1101 1
859 1551 1271 1
580 1324 988 1
582 1325 990 1
581 1326 989 1
583 1327 991 1
699 1542 1085 1
203 778 596 1
430 1034 1377 1
450 957 1096 1
451 958 1097 1
326 997 657 1
328 998 658 1
325 999 659 1
327 1000 660 1
502 1262 905 1
503 1263 906 1
499 1268 903 1
500 1269 904 1
276 631 783 1
277 632 784 1
278 633 785 1
279 634 786 1
84 819 1390 1
117 820 1391 1
51 821 1392 1
18 822 1393 1
187 1434 696 1
186 1435 695 1
188 1437 697 1
189 1436 698 1
502 807 1262 1
503 809 1263 1
505 1264 808 1
506 1266 810 1
501 1265 805 1
504 1267 806 1
499 803 1268 1
500 804 1269 1
437 1000 875 1
435 999 876 1
438 998 877 1
436 997 878 1
329 957 563 1
165 565 958 1
331 958 565 1
86 87 1146 1
119 120 1147 1
20 21 1149 1
53 54 1148 1
234 1339 591 1
313 683 679 1
317 679 683 1
314 684 680 1
318 680 684 1
315 685 681 1
319 681 685 1
316 686 682 1
320 682 686 1
210 949 597 1
211 950 598 1
349 597 949 1
351 598 950 1
212 951 599 1
350 599 951 1
213 952 600 1
352 600 952 1
287 627 803 1
288 628 804 1
287 805 627 1
288 808 628 1
289 806 629 1
289 629 807 1
290 630 809 1
290 810 630 1
153 1009 1024 1
613 1158 1378 1
614 1159 1379 1
615 1160 1380 1
616 1161 1381 1
321 1288 905 1
322 1289 906 1
323 1286 903 1
324 1287 904 1
134 135 808 1
72 73 807 1
105 106 809 1
35 36 805 1
101 102 810 1
68 69 806 1
39 40 803 1
6 7 804 1
306 1429 713 1
304 1427 711 1
303 1426 710 1
305 1428 712 1
330 1011 562 1
218 858 1270 1
219 859 1271 1
323 867 599 1
212 599 867 1
210 597 865 1
321 865 597 1
324 868 600 1
213 600 868 1
322 866 598 1
211 598 866 1
194 715 1079 1
195 717 1080 1
196 719 1081 1
197 721 1082 1
170 1422 795 1
171 1423 796 1
172 1424 797 1
173 1425 798 1
215 1137 875 1
214 1138 876 1
217 1139 877 1
216 1140 878 1
45 673 735 1
12 674 736 1
78 671 737 1
111 672 738 1
312 859 589 1
460 1086 1373 1
461 1087 1374 1
462 1088 1375 1
463 1089 1376 1
165 1034 565 1
194 1079 743 1
195 1080 744 1
196 1081 745 1
197 1082 746 1
268 566 1098 1
269 567 1099 1
270 568 1100 1
271 569 1101 1
138 799 609 1
139 800 610 1
140 801 611 1
141 802 612 1
370 596 1330 1
254 591 1282 1
1378 1158 291 1
1379 1159 292 1
1380 1160 293 1
1381 1161 294 1
482 1051 1318 1
483 1052 1319 1
484 1053 1320 1
485 1054 1321 1
174 1233 667 1
175 1232 668 1
176 1235 669 1
177 1234 670 1
243 576 941 1
244 577 942 1
245 578 943 1
246 579 944 1
299 737 671 1
300 738 672 1
301 735 673 1
302 736 674 1
552 743 1170 1
553 744 1171 1
554 745 1172 1
555 746 1173 1
295 570 1079 1
296 571 1080 1
297 572 1081 1
298 573 1082 1
212 873 1152 1
213 874 1153 1
210 871 1150 1
211 872 1151 1
576 795 1422 1
577 796 1423 1
578 797 1424 1
579 798 1425 1
442 588 1479 1
444 589 1480 1
153 1024 779 1
191 1067 693 1
190 1065 691 1
193 1068 694 1
192 1066 692 1
78 79 671 1
111 112 672 1
45 46 673 1
12 13 674 1
450 1096 824 1
451 1097 825 1
312 589 1469 1
174 1098 831 1
175 1100 833 1
176 1099 832 1
177 1101 834 1
389 901 1399 1
311 699 857 1
337 609 847 1
338 610 848 1
339 611 849 1
340 612 850 1
311 857 705 1
519 639 1460 1
142 1460 639 1
520 640 1461 1
143 1461 640 1
521 641 1462 1
144 1462 641 1
522 642 1463 1
145 1463 642 1
428 1222 770 1
301 1199 873 1
302 1200 874 1
299 1197 871 1
300 1198 872 1
562 621 1214 1
563 622 1215 1
564 623 1216 1
565 624 1217 1
372 788 787 1
307 787 788 1
373 791 789 1
374 792 790 1
308 789 791 1
309 790 792 1
375 794 793 1
310 793 794 1
194 743 1522 1
195 744 1523 1
196 745 1524 1
197 746 1525 1
549 1380 1142 1
550 1381 1143 1
547 1378 1144 1
548 1379 1145 1
362 761 695 1
363 762 696 1
186 695 761 1
187 696 762 1
364 763 697 1
365 764 698 1
188 697 763 1
189 698 764 1
406 590 1207 1
326 813 997 1
328 814 998 1
325 811 999 1
327 812 1000 1
431 655 1310 1
432 656 1311 1
436 1316 657 1
438 1317 658 1
435 1314 659 1
437 1315 660 1
433 661 1312 1
434 662 1313 1
29 635 995 1
62 636 996 1
128 637 993 1
95 638 994 1
295 715 716 1
358 716 715 1
296 717 718 1
359 718 717 1
297 719 720 1
360 720 719 1
298 721 722 1
361 722 721 1
174 1365 1233 1
175 1366 1232 1
176 1367 1235 1
177 1368 1234 1
284 824 625 1
285 825 626 1
138 609 924 1
337 924 609 1
139 610 925 1
338 925 610 1
140 611 926 1
339 926 611 1
141 612 927 1
340 927 612 1
187 1214 621 1
186 1215 622 1
189 1216 623 1
188 1217 624 1
311 1340 858 1
164 1174 589 1
303 1218 667 1
304 1220 668 1
305 1219 669 1
306 1221 670 1
146 1069 617 1
385 617 1069 1
147 1070 619 1
148 1071 618 1
387 618 1071 1
386 619 1070 1
149 1072 620 1
388 620 1072 1
170 1197 651 1
171 1198 652 1
172 1199 653 1
173 1200 654 1
284 778 714 1
390 1166 1065 1
391 1167 1066 1
392 1168 1067 1
393 1169 1068 1
321 597 928 1
322 598 929 1
323 599 930 1
324 600 931 1
370 857 846 1
222 1046 919 1
223 1047 920 1
224 1048 921 1
225 1049 922 1
739 1335 1471 1
740 1336 1472 1
741 1337 1473 1
742 1338 1474 1
247 1539 777 1
162 1085 588 1
150 1340 705 1
376 940 959 1
439 959 940 1
204 1050 830 1
440 830 1050 1
449 591 1206 1
317 972 679 1
318 973 680 1
319 974 681 1
320 975 682 1
154 1395 826 1
155 1396 827 1
156 1397 828 1
157 1398 829 1
424 617 892 1
423 618 893 1
426 619 894 1
425 620 895 1
477 919 1046 1
478 920 1047 1
479 921 1048 1
480 922 1049 1
1556 354 968 1
723 1556 968 1
1558 356 969 1
725 1558 969 1
1557 355 970 1
724 1557 970 1
1559 357 971 1
726 1559 971 1
675 985 1487 1
676 987 1488 1
677 984 1485 1
678 986 1486 1
1515 985 190 1
1516 987 192 1
703 985 1515 1
704 987 1516 1
1517 984 191 1
701 984 1517 1
1518 986 193 1
702 986 1518 1
203 1078 1223 1
385 892 617 1
387 893 618 1
386 894 619 1
388 895 620 1
530 1324 1357 1
531 1325 1358 1
532 1326 1359 1
533 1327 1360 1
1494 592 243 1
1495 593 244 1
1496 594 245 1
1497 595 246 1
590 777 1539 1
206 824 1096 1
208 825 1097 1
239 1349 1016 1
240 1350 1017 1
241 1351 1018 1
242 1352 1019 1
353 769 846 1
370 846 769 1
592 1124 243 1
593 1125 244 1
594 1126 245 1
595 1127 246 1
349 1465 597 1
351 1466 598 1
350 1467 599 1
352 1468 600 1
368 1487 985 1
369 1488 987 1
366 1485 984 1
367 1486 986 1
75 655 905 1
108 656 906 1
42 661 903 1
9 662 904 1
33 907 659 1
66 908 660 1
132 909 657 1
99 910 658 1
287 1184 805 1
501 805 1184 1
288 1186 808 1
504 806 1185 1
289 1185 806 1
505 808 1186 1
290 1187 810 1
506 810 1187 1
370 705 857 1
333 1385 842 1
334 1386 843 1
335 1387 844 1
336 1388 845 1
285 760 780 1
414 780 760 1
295 716 1057 1
296 718 1058 1
297 720 1059 1
298 722 1060 1
220 1020 681 1
316 682 1021 1
307 1086 831 1
308 1088 832 1
309 1087 833 1
310 1089 834 1
63 64 710 1
30 31 711 1
96 97 712 1
129 130 713 1
378 1231 1036 1
313 1361 683 1
314 1362 684 1
180 685 1363 1
181 686 1364 1
574 1223 1078 1
152 1212 1023 1
419 879 1188 1
420 880 1189 1
421 881 1190 1
422 882 1191 1
321 655 865 1
322 656 866 1
323 661 867 1
324 662 868 1
337 773 879 1
338 774 880 1
339 775 881 1
340 776 882 1
313 679 1270 1
314 680 1271 1
575 1036 1231 1
407 714 778 1
304 1476 635 1
303 1475 636 1
306 1478 637 1
305 1477 638 1
714 1156 1389 1
539 980 1395 1
540 981 1396 1
541 982 1397 1
542 983 1398 1
137 901 1123 1
259 823 1454 1
563 957 1245 1
317 683 1192 1
318 684 1193 1
319 685 1194 1
320 686 1195 1
280 1012 1331 1
281 1013 1332 1
282 1014 1333 1
283 1015 1334 1
495 896 1114 1
154 1114 896 1
496 897 1115 1
155 1115 897 1
497 898 1116 1
156 1116 898 1
498 899 1117 1
157 1117 899 1
407 1156 714 1
731 1481 1527 1
732 1482 1528 1
733 1483 1529 1
734 1484 1530 1
268 1175 706 1
269 1176 707 1
270 1177 708 1
271 1178 709 1
481 855 1305 1
402 941 651 1
403 942 652 1
404 943 653 1
405 944 654 1
166 613 1001 1
167 614 1002 1
168 615 1003 1
169 616 1004 1
325 756 1005 1
326 757 1007 1
327 758 1006 1
328 759 1008 1
879 1522 1188 1
880 1523 1189 1
881 1524 1190 1
882 1525 1191 1
303 1543 1218 1
304 1544 1220 1
306 1546 1221 1
305 1545 1219 1
77 78 737 1
110 111 738 1
44 45 735 1
11 12 736 1
163 1245 957 1
377 625 1076 1
379 626 1077 1
575 1454 823 1
198 847 752 1
199 848 753 1
200 849 754 1
201 850 755 1
394 911 851 1
355 851 911 1
395 912 852 1
396 913 853 1
354 852 912 1
357 853 913 1
397 914 854 1
356 854 914 1
449 1206 1328 1
182 727 930 1
183 728 931 1
184 729 928 1
185 730 929 1
452 1471 1335 1
453 1472 1336 1
454 1473 1337 1
455 1474 1338 1
202 846 857 1
243 605 1090 1
244 606 1091 1
245 607 1092 1
246 608 1093 1
524 1551 869 1
317 1192 1208 1
318 1193 1209 1
319 1194 1210 1
320 1195 1211 1
383 1401 633 1
384 1402 634 1
381 1403 631 1
382 1404 632 1
524 1271 1551 1
321 905 655 1
322 906 656 1
323 903 661 1
325 659 907 1
324 904 662 1
326 657 909 1
327 660 908 1
328 658 910 1
206 1481 731 1
207 1482 732 1
208 1483 733 1
209 1484 734 1
190 985 675 1
192 987 676 1
191 984 677 1
193 986 678 1
260 1335 739 1
261 1336 740 1
262 1337 741 1
263 1338 742 1
519 976 639 1
520 977 640 1
521 978 641 1
522 979 642 1
137 1123 940 1
831 1086 1365 1
832 1088 1367 1
833 1087 1366 1
834 1089 1368 1
325 1005 811 1
327 1006 812 1
326 1007 813 1
328 1008 814 1
170 1560 1197 1
171 1561 1198 1
172 1562 1199 1
173 1563 1200 1
317 838 972 1
318 839 973 1
319 840 974 1
320 841 975 1
534 700 1022 1
209 992 690 1
316 1021 779 1
353 901 870 1
186 761 1215 1
187 762 1214 1
188 763 1217 1
189 764 1216 1
166 1158 613 1
167 1159 614 1
168 1160 615 1
169 1161 616 1
677 1485 1043 1
678 1486 1045 1
675 1487 1042 1
676 1488 1044 1
345 635 1476 1
346 636 1475 1
348 638 1477 1
347 637 1478 1
574 1141 1223 1
415 915 949 1
416 916 950 1
349 949 915 1
417 917 951 1
351 950 916 1
350 951 917 1
418 918 952 1
352 952 918 1
202 857 699 1
468 1202 1236 1
469 1204 1238 1
470 1201 1237 1
471 1203 1239 1
345 995 635 1
346 996 636 1
347 993 637 1
348 994 638 1
178 1180 1192 1
179 1181 1193 1
180 1182 1194 1
181 1183 1195 1
1485 472 1043 1
1486 473 1045 1
1487 474 1042 1
1488 475 1044 1
389 870 901 1
128 1429 637 1
29 1427 635 1
95 1428 638 1
62 1426 636 1
330 688 1084 1
278 1275 703 1
276 1273 701 1
279 1276 704 1
277 1274 702 1
329 687 1096 1
331 689 1097 1
88 1040 645 1
121 1041 646 1
55 1038 643 1
22 1039 644 1
424 1295 617 1
423 1294 618 1
426 1297 619 1
425 1296 620 1
285 626 1023 1
182 964 1005 1
183 966 1007 1
184 965 1006 1
185 967 1008 1
286 855 751 1
601 1430 995 1
602 1431 996 1
603 1432 993 1
604 1433 994 1
376 959 770 1
247 770 959 1
495 932 896 1
333 896 932 1
496 933 897 1
334 897 933 1
335 898 934 1
497 934 898 1
498 935 899 1
336 899 935 1
781 1174 1384 1
596 923 1330 1
280 1331 1029 1
281 1332 1030 1
282 1333 1031 1
283 1334 1032 1
407 1223 1141 1
436 657 997 1
438 658 998 1
435 659 999 1
437 660 1000 1
61 62 996 1
28 29 995 1
94 95 994 1
127 128 993 1
353 1179 1123 1
187 621 1439 1
186 622 1438 1
189 623 1441 1
188 624 1440 1
551 777 1454 1
259 1454 777 1
250 1110 621 1
251 1111 622 1
252 1112 623 1
253 1113 624 1
346 1475 667 1
345 1476 668 1
348 1477 669 1
347 1478 670 1
353 870 769 1
150 923 1508 1
625 1508 923 1
448 1094 1010 1
377 1508 625 1
379 1510 626 1
204 772 1050 1
412 1050 772 1
312 1469 772 1
170 651 1422 1
171 652 1423 1
172 653 1424 1
173 654 1425 1
313 1270 1507 1
314 1271 1509 1
449 1328 1033 1
706 1175 1069 1
707 1176 1070 1
708 1177 1071 1
709 1178 1072 1
248 856 1464 1
481 1540 855 1
260 739 1025 1
390 1025 739 1
261 740 1026 1
391 1026 740 1
262 741 1027 1
392 1027 741 1
263 742 1028 1
393 1028 742 1
295 1057 1258 1
296 1058 1259 1
297 1059 1260 1
298 1060 1261 1
286 1305 855 1
178 815 1180 1
179 816 1181 1
180 817 1182 1
181 818 1183 1
423 1005 964 1
424 1006 965 1
425 1007 966 1
426 1008 967 1
574 1464 856 1
588 858 1479 1
589 859 1480 1
163 751 1245 1
445 1245 751 1
203 769 870 1
381 643 1038 1
382 644 1039 1
383 645 1040 1
384 646 1041 1
257 643 1345 1
258 644 1347 1
255 645 1346 1
256 646 1348 1
278 785 1237 1
279 786 1239 1
470 1237 785 1
276 783 1236 1
471 1239 786 1
468 1236 783 1
277 784 1238 1
469 1238 784 1
264 1170 743 1
265 1171 744 1
266 1172 745 1
267 1173 746 1
429 779 1021 1
138 1306 1012 1
139 1307 1013 1
140 1308 1014 1
141 1309 1015 1
477 1390 819 1
478 1391 820 1
479 1392 821 1
480 1393 822 1
194 879 773 1
195 880 774 1
196 881 775 1
197 882 776 1
584 1012 1306 1
585 1013 1307 1
586 1014 1308 1
587 1015 1309 1
451 825 1520 1
429 1021 1118 1
114 954 1536 1
81 953 1535 1
48 955 1537 1
15 956 1538 1
530 988 1324 1
531 990 1325 1
532 989 1326 1
533 991 1327 1
491 1409 663 1
492 1411 665 1
493 1410 664 1
494 1412 666 1
166 1001 739 1
167 1002 740 1
390 739 1001 1
391 740 1002 1
168 1003 741 1
392 741 1003 1
169 1004 742 1
393 742 1004 1
230 1042 1164 1
232 1044 1165 1
231 1043 1162 1
233 1045 1163 1
79 1102 671 1
112 1103 672 1
402 671 1102 1
403 672 1103 1
46 1104 673 1
404 673 1104 1
13 1105 674 1
405 674 1105 1
74 75 905 1
107 108 906 1
41 42 903 1
8 9 904 1
33 34 907 1
66 67 908 1
132 133 909 1
99 100 910 1
556 1305 856 1
286 856 1305 1
218 679 972 1
219 680 973 1
220 681 974 1
221 682 975 1
268 1098 663 1
269 1099 664 1
270 1100 665 1
271 1101 666 1
303 667 1475 1
304 668 1476 1
305 669 1477 1
306 670 1478 1
234 1251 1470 1
64 1315 710 1
31 1314 711 1
97 1317 712 1
130 1316 713 1
381 1345 643 1
382 1347 644 1
383 1346 645 1
384 1348 646 1
226 1133 647 1
227 1134 648 1
228 1135 649 1
229 1136 650 1
389 1035 1464 1
584 1331 1012 1
585 1332 1013 1
586 1333 1014 1
587 1334 1015 1
158 723 968 1
159 724 970 1
160 725 969 1
161 726 971 1
413 887 1213 1
558 860 1129 1
559 861 1130 1
560 862 1131 1
561 863 1132 1
437 710 1315 1
435 711 1314 1
438 712 1317 1
436 713 1316 1
341 815 1016 1
342 816 1017 1
343 817 1018 1
344 818 1019 1
346 667 1233 1
348 669 1235 1
345 668 1232 1
347 670 1234 1
332 690 992 1
162 1244 1011 1
562 1011 1244 1
234 1010 1094 1
389 1464 1078 1
353 846 1179 1
412 1174 781 1
402 651 1278 1
403 652 1279 1
404 653 1280 1
405 654 1281 1
81 82 953 1
114 115 954 1
48 49 955 1
15 16 956 1
254 781 1157 1
427 1157 781 1
470 1120 1201 1
604 1201 1120 1
471 1119 1203 1
603 1203 1119 1
468 1122 1202 1
602 1202 1122 1
469 1121 1204 1
601 1204 1121 1
378 1036 732 1
207 732 1036 1
299 651 1197 1
300 652 1198 1
301 653 1199 1
302 654 1200 1
299 1278 651 1
300 1279 652 1
301 1280 653 1
302 1281 654 1
311 858 1542 1
588 1542 858 1
315 681 1020 1
221 1021 682 1
703 1275 985 1
704 1276 987 1
701 1273 984 1
702 1274 986 1
280 1527 1012 1
281 1528 1013 1
282 1529 1014 1
283 1530 1015 1
592 1535 953 1
593 1536 954 1
594 1537 955 1
595 1538 956 1
474 1164 1042 1
475 1165 1044 1
472 1162 1043 1
473 1163 1045 1
439 1539 959 1
164 1384 1174 1
268 663 1175 1
269 664 1176 1
270 665 1177 1
271 666 1178 1
525 1084 823 1
207 823 1084 1
412 781 1083 1
254 1083 781 1
439 1329 1539 1
631 1448 783 1
632 1449 784 1
633 1446 785 1
634 1447 786 1
182 1005 756 1
183 1007 757 1
184 1006 758 1
185 1008 759 1
209 1155 992 1
354 1435 852 1
355 1434 851 1
356 1437 854 1
357 1436 853 1
476 1056 1009 1
380 1009 1056 1
280 1290 731 1
281 1291 732 1
282 1292 733 1
283 1293 734 1
1482 207 1084 1
688 1482 1084 1
239 1318 1051 1
240 1319 1052 1
241 1320 1053 1
242 1321 1054 1
153 782 1009 1
476 1009 782 1
887 1400 1213 1
452 1489 842 1
453 1490 843 1
454 1491 844 1
455 1492 845 1
534 1022 1470 1
1481 206 1096 1
687 1481 1096 1
1483 208 1097 1
689 1483 1097 1
163 1389 1156 1
146 1057 716 1
147 1058 718 1
148 1059 720 1
149 1060 722 1
464 675 1042 1
465 676 1044 1
466 677 1043 1
467 678 1045 1
205 1022 700 1
174 667 1218 1
175 668 1220 1
176 669 1219 1
177 670 1221 1
268 706 1129 1
269 707 1130 1
270 708 1131 1
271 709 1132 1
625 824 1076 1
626 825 1077 1
450 824 1519 1
44 735 1312 1
11 736 1313 1
433 1312 735 1
434 1313 736 1
77 737 1310 1
110 738 1311 1
431 1310 737 1
432 1311 738 1
214 999 811 1
215 1000 812 1
216 997 813 1
217 998 814 1
380 1024 1009 1
220 1540 1020 1
194 1413 715 1
195 1414 717 1
196 1415 719 1
197 1416 721 1
515 1527 1481 1
516 1528 1482 1
517 1529 1483 1
518 1530 1484 1
380 1056 734 1
209 734 1056 1
441 1073 972 1
443 1074 973 1
446 1075 974 1
287 727 1184 1
288 728 1186 1
289 729 1185 1
290 730 1187 1
205 1382 1022 1
203 870 1078 1
1361 178 1192 1
683 1361 1192 1
1362 179 1193 1
684 1362 1193 1
218 972 1073 1
219 973 1074 1
220 974 1075 1
205 1400 1382 1
366 888 1254 1
367 889 1255 1
368 890 1256 1
369 891 1257 1
406 1085 771 1
162 771 1085 1
249 1095 900 1
430 900 1095 1
150 705 1330 1
362 799 1106 1
363 800 1107 1
364 801 1108 1
365 802 1109 1
490 887 1035 1
248 1035 887 1
333 842 960 1
334 843 961 1
335 844 962 1
336 845 963 1
354 1556 1435 1
355 1557 1434 1
356 1558 1437 1
357 1559 1436 1
519 1247 976 1
520 1248 977 1
521 1249 978 1
522 1250 979 1
226 1202 945 1
227 1204 946 1
228 1201 947 1
229 1203 948 1
842 1489 960 1
843 1490 961 1
844 1491 962 1
845 1492 963 1
414 1277 780 1
441 972 838 1
443 973 839 1
446 974 840 1
447 975 841 1
247 1272 770 1
428 770 1272 1
519 1460 1208 1
520 1461 1209 1
521 1462 1210 1
522 1463 1211 1
260 883 1357 1
530 1357 883 1
261 884 1358 1
531 1358 884 1
262 885 1359 1
532 1359 885 1
263 886 1360 1
533 1360 886 1
299 671 1278 1
300 672 1279 1
301 673 1280 1
302 674 1281 1
377 1076 731 1
206 731 1076 1
379 1077 733 1
208 733 1077 1
394 988 911 1
395 989 912 1
230 911 988 1
231 912 989 1
396 990 913 1
397 991 914 1
232 913 990 1
233 914 991 1
221 1118 1021 1
194 773 1413 1
195 774 1414 1
196 775 1415 1
197 776 1416 1
402 1278 671 1
403 1279 672 1
404 1280 673 1
405 1281 674 1
627 1501 803 1
628 1503 804 1
627 805 1499 1
628 808 1500 1
629 806 1504 1
629 1502 807 1
630 1505 809 1
630 810 1506 1
575 823 1036 1
207 1036 823 1
316 1526 1364 1
588 1085 1542 1
235 976 1247 1
236 977 1248 1
237 978 1249 1
238 979 1250 1
146 706 1069 1
147 707 1070 1
148 708 1071 1
149 709 1072 1
209 690 1484 1
383 1040 1401 1
384 1041 1402 1
381 1038 1403 1
382 1039 1404 1
427 902 992 1
332 992 902 1
311 1542 699 1
180 1194 685 1
181 1195 686 1
190 691 1515 1
192 692 1516 1
191 693 1517 1
193 694 1518 1
727 1286 930 1
728 1287 931 1
729 1288 928 1
730 1289 929 1
511 1240 945 1
226 945 1240 1
512 1241 946 1
513 1242 947 1
227 946 1241 1
228 947 1242 1
514 1243 948 1
229 948 1243 1
423 811 1005 1
424 812 1006 1
425 813 1007 1
426 814 1008 1
574 856 1141 1
398 1114 765 1
154 765 1114 1
399 1115 766 1
155 766 1115 1
156 767 1116 1
400 1116 767 1
157 768 1117 1
401 1117 768 1
315 1363 685 1
316 1364 686 1
383 1515 691 1
381 1517 693 1
384 1516 692 1
382 1518 694 1
218 1270 679 1
219 1271 680 1
260 1025 883 1
261 1026 884 1
464 883 1025 1
465 884 1026 1
262 1027 885 1
466 885 1027 1
263 1028 886 1
467 886 1028 1
584 1306 1051 1
419 1051 1306 1
585 1307 1052 1
420 1052 1307 1
586 1308 1053 1
421 1053 1308 1
587 1309 1054 1
422 1054 1309 1
312 772 1521 1
128 129 1429 1
95 96 1428 1
29 30 1427 1
62 63 1426 1
407 1141 1156 1
234 1470 1010 1
316 779 1024 1
88 89 1040 1
121 122 1041 1
55 56 1038 1
22 23 1039 1
383 691 1346 1
384 692 1348 1
381 693 1345 1
382 694 1347 1
354 912 1162 1
356 914 1163 1
355 911 1164 1
357 913 1165 1
362 1531 687 1
363 1532 688 1
364 1533 689 1
365 1534 690 1
390 1065 1025 1
391 1066 1026 1
464 1025 1065 1
465 1026 1066 1
392 1067 1027 1
466 1027 1067 1
393 1068 1028 1
467 1028 1068 1
295 1079 715 1
296 1080 717 1
297 1081 719 1
298 1082 721 1
358 1129 706 1
359 1130 707 1
360 1131 708 1
361 1132 709 1
202 699 1207 1
406 1207 699 1
341 1016 826 1
342 1017 827 1
343 1018 828 1
344 1019 829 1
255 691 1166 1
256 692 1167 1
257 693 1168 1
258 694 1169 1
381 701 1517 1
382 702 1518 1
383 703 1515 1
384 704 1516 1
272 1061 752 1
372 752 1061 1
273 1062 753 1
373 753 1062 1
274 1063 754 1
374 754 1063 1
275 1064 755 1
375 755 1064 1
142 1298 838 1
441 838 1298 1
143 1299 839 1
443 839 1299 1
446 840 1301 1
144 1301 840 1
447 841 1303 1
145 1303 841 1
202 1207 1329 1
460 888 1133 1
461 889 1134 1
462 890 1135 1
463 891 1136 1
349 965 1465 1
351 967 1466 1
350 964 1467 1
352 966 1468 1
376 770 1154 1
326 1511 757 1
505 757 1511 1
328 1512 759 1
506 759 1512 1
501 756 1513 1
325 1513 756 1
327 1514 758 1
504 758 1514 1
312 869 1551 1
448 830 1094 1
534 1541 700 1
570 743 1079 1
571 744 1080 1
572 745 1081 1
573 746 1082 1
341 1395 980 1
342 1396 981 1
343 1397 982 1
344 1398 983 1
255 1346 691 1
256 1348 692 1
257 1345 693 1
258 1347 694 1
456 1192 1180 1
457 1193 1181 1
458 1194 1182 1
459 1195 1183 1
591 782 1206 1
354 1162 968 1
356 1163 969 1
355 1164 970 1
357 1165 971 1
205 700 1421 1
371 864 1037 1
85 1144 819 1
118 1145 820 1
52 1142 821 1
19 1143 822 1
456 1208 1192 1
457 1209 1193 1
458 1210 1194 1
459 1211 1195 1
647 1273 1236 1
276 1236 1273 1
648 1274 1238 1
277 1238 1274 1
649 1275 1237 1
278 1237 1275 1
650 1276 1239 1
279 1239 1276 1
414 700 1369 1
91 1343 785 1
124 1344 786 1
58 1341 783 1
25 1342 784 1
414 1421 700 1
439 1123 1179 1
268 1129 860 1
269 1130 861 1
270 1131 862 1
271 1132 863 1
511 1233 1365 1
512 1232 1366 1
513 1235 1367 1
514 1234 1368 1
311 705 1340 1
370 1330 705 1
366 1273 1552 1
367 1274 1553 1
368 1275 1554 1
369 1276 1555 1
499 1286 727 1
500 1287 728 1
502 1288 729 1
503 1289 730 1
63 710 1426 1
30 711 1427 1
96 712 1428 1
129 713 1429 1
153 779 1328 1
429 1328 779 1
284 714 1519 1
57 1448 1403 1
24 1449 1404 1
90 1446 1401 1
123 1447 1402 1
482 1029 1331 1
483 1030 1332 1
484 1031 1333 1
485 1032 1334 1
427 992 1155 1
590 1329 1207 1
158 968 1254 1
159 970 1256 1
160 969 1255 1
161 971 1257 1
146 915 1057 1
147 916 1058 1
148 917 1059 1
149 918 1060 1
605 1405 1450 1
606 1406 1451 1
607 1407 1452 1
608 1408 1453 1
248 887 1128 1
413 1128 887 1
316 1024 1526 1
85 86 1144 1
118 119 1145 1
52 53 1142 1
19 20 1143 1
163 1156 751 1
780 1277 1394 1
280 731 1527 1
281 732 1528 1
282 733 1529 1
283 734 1530 1
203 1223 778 1
358 715 1413 1
359 717 1414 1
360 719 1415 1
361 721 1416 1
366 1254 1485 1
367 1255 1486 1
368 1256 1487 1
369 1257 1488 1
137 1037 864 1
376 1196 940 1
259 1205 771 1
377 731 1290 1
378 732 1291 1
379 733 1292 1
380 734 1293 1
501 1184 756 1
505 1186 757 1
504 1185 758 1
506 1187 759 1
371 1382 864 1
490 864 1382 1
752 847 1353 1
753 848 1354 1
754 849 1355 1
755 850 1356 1
91 92 1343 1
124 125 1344 1
58 59 1341 1
25 26 1342 1
472 1254 968 1
474 1256 970 1
473 1255 969 1
475 1257 971 1
407 778 1223 1
206 1076 824 1
208 1077 825 1
151 869 1055 1
170 747 1560 1
171 748 1561 1
172 749 1562 1
173 750 1563 1
138 1106 799 1
139 1107 800 1
140 1108 801 1
141 1109 802 1
264 1224 765 1
265 1225 766 1
266 1226 767 1
267 1227 768 1
153 1328 1206 1
230 1164 911 1
231 1162 912 1
232 1165 913 1
233 1163 914 1
313 835 1228 1
314 836 1229 1
315 837 1230 1
378 836 1231 1
205 760 1213 1
60 1431 1122 1
27 1430 1121 1
93 1433 1120 1
126 1432 1119 1
440 1094 830 1
295 1258 747 1
296 1259 748 1
297 1260 749 1
298 1261 750 1
406 771 1205 1
394 851 1439 1
395 852 1438 1
396 853 1441 1
397 854 1440 1
329 1215 761 1
330 1214 762 1
331 1217 763 1
332 1216 764 1
566 831 1098 1
567 832 1099 1
568 833 1100 1
569 834 1101 1
166 739 1471 1
167 740 1472 1
168 741 1473 1
169 742 1474 1
187 1439 851 1
186 1438 852 1
189 1441 853 1
188 1440 854 1
59 60 1122 1
26 27 1121 1
92 93 1120 1
125 126 1119 1
377 835 1508 1
379 837 1510 1
398 765 1224 1
399 766 1225 1
400 767 1226 1
401 768 1227 1
428 1055 869 1
647 1552 1273 1
648 1553 1274 1
649 1554 1275 1
650 1555 1276 1
259 777 1205 1
204 1222 772 1
815 1318 1016 1
816 1319 1017 1
817 1320 1018 1
818 1321 1019 1
41 903 1268 1
8 904 1269 1
34 1265 907 1
67 1267 908 1
133 1264 909 1
74 905 1262 1
100 1266 910 1
107 906 1263 1
385 1137 892 1
387 1138 893 1
386 1139 894 1
388 1140 895 1
272 752 1353 1
273 753 1354 1
274 754 1355 1
275 755 1356 1
371 1037 1010 1
651 941 1422 1
652 942 1423 1
653 943 1424 1
654 944 1425 1
414 760 1421 1
371 1470 1022 1
353 1123 901 1
602 1122 1431 1
601 1121 1430 1
604 1120 1433 1
603 1119 1432 1
631 1403 1448 1
632 1404 1449 1
633 1401 1446 1
634 1402 1447 1
477 1046 936 1
408 936 1046 1
478 1047 937 1
409 937 1047 1
479 1048 938 1
410 938 1048 1
480 1049 939 1
411 939 1049 1
442 1073 1283 1
444 1074 1284 1
446 1285 1075 1
389 1078 870 1
285 1498 760 1
83 84 1390 1
116 117 1391 1
50 51 1392 1
17 18 1393 1
534 1470 1251 1
264 795 1224 1
265 796 1225 1
266 797 1226 1
267 798 1227 1
150 1330 923 1
153 1206 782 1
204 830 1154 1
49 50 1444 1
16 17 1445 1
82 83 1442 1
115 116 1443 1
205 1421 760 1
481 1253 1020 1
446 1300 1285 1
56 57 1403 1
23 24 1404 1
122 123 1402 1
89 90 1401 1
348 1235 947 1
346 1233 945 1
347 1234 948 1
345 1232 946 1
58 783 1448 1
25 784 1449 1
91 785 1446 1
124 786 1447 1
412 772 1469 1
79 80 1102 1
112 113 1103 1
46 47 1104 1
13 14 1105 1
286 1141 856 1
341 1180 815 1
342 1181 816 1
343 1182 817 1
344 1183 818 1
39 803 1501 1
6 804 1503 1
36 1499 805 1
69 1504 806 1
135 1500 808 1
72 807 1502 1
105 809 1505 1
102 1506 810 1
448 1010 1037 1
415 1057 915 1
416 1058 916 1
417 1059 917 1
418 1060 918 1
452 1335 976 1
639 976 1335 1
453 1336 977 1
640 977 1336 1
454 1337 978 1
641 978 1337 1
455 1338 979 1
642 979 1338 1
285 780 1520 1
451 1520 780 1
442 1283 1322 1
444 1284 1323 1
456 980 1247 1
235 1247 980 1
236 1248 981 1
457 981 1248 1
458 982 1249 1
237 1249 982 1
459 983 1250 1
238 1250 983 1
158 888 1373 1
460 1373 888 1
160 889 1374 1
159 890 1375 1
461 1374 889 1
462 1375 890 1
161 891 1376 1
463 1376 891 1
284 1519 824 1
390 1001 1166 1
391 1002 1167 1
392 1003 1168 1
393 1004 1169 1
482 1318 815 1
483 1319 816 1
484 1320 817 1
485 1321 818 1
202 1179 846 1
366 984 1273 1
367 986 1274 1
368 985 1275 1
369 987 1276 1
427 781 1384 1
249 1033 1095 1
429 1095 1033 1
215 892 1137 1
214 893 1138 1
217 894 1139 1
216 895 1140 1
166 1471 842 1
452 842 1471 1
167 1472 843 1
453 843 1472 1
168 1473 844 1
454 844 1473 1
169 1474 845 1
455 845 1474 1
448 1037 1196 1
178 1361 1029 1
535 1029 1361 1
179 1362 1030 1
536 1030 1362 1
451 780 1394 1
377 1228 835 1
378 1229 836 1
379 1230 837 1
413 1023 1212 1
210 1150 949 1
415 949 1150 1
211 1151 950 1
416 950 1151 1
212 1152 951 1
417 951 1152 1
213 1153 952 1
418 952 1153 1
151 1231 836 1
468 783 1341 1
469 784 1342 1
470 785 1343 1
471 786 1344 1
83 1390 936 1
116 1391 937 1
50 1392 938 1
17 1393 939 1
556 1212 1459 1
83 936 1442 1
116 937 1443 1
50 938 1444 1
17 939 1445 1
1 1456 136 1
2 1455 37 1
2 38 1455 1
1 5 1456 1
3 71 1457 1
3 1457 70 1
4 104 1458 1
4 1458 103 1
158 1373 788 1
160 1374 792 1
159 1375 791 1
161 1376 794 1
495 1450 1405 1
496 1451 1406 1
497 1452 1407 1
498 1453 1408 1
152 837 1253 1
515 1012 1527 1
516 1013 1528 1
517 1014 1529 1
518 1015 1530 1
772 1222 1521 1
151 1055 1370 1
515 1106 1012 1
138 1012 1106 1
516 1107 1013 1
139 1013 1107 1
517 1108 1014 1
140 1014 1108 1
518 1109 1015 1
141 1015 1109 1
243 941 1494 1
244 942 1495 1
245 943 1496 1
246 944 1497 1
456 1180 980 1
341 980 1180 1
457 1181 981 1
342 981 1181 1
458 1182 982 1
343 982 1182 1
459 1183 983 1
344 983 1183 1
137 1196 1037 1
439 940 1123 1
592 953 1124 1
408 1124 953 1
593 954 1125 1
409 1125 954 1
410 1126 955 1
594 955 1126 1
411 1127 956 1
595 956 1127 1
80 1535 1102 1
113 1536 1103 1
47 1537 1104 1
14 1538 1105 1
551 1055 1272 1
576 1422 941 1
577 1423 942 1
578 1424 943 1
579 1425 944 1
24 25 1449 1
57 58 1448 1
90 91 1446 1
123 124 1447 1
448 1371 830 1
476 1155 1056 1
209 1056 1155 1
609 1353 847 1
610 1354 848 1
611 1355 849 1
612 1356 850 1
440 1050 1083 1
551 1370 1055 1
362 1106 1531 1
363 1107 1532 1
364 1108 1533 1
365 1109 1534 1
182 930 1467 1
184 928 1465 1
183 931 1468 1
185 929 1466 1
222 932 1405 1
495 1405 932 1
223 933 1406 1
496 1406 933 1
224 934 1407 1
497 1407 934 1
225 935 1408 1
498 1408 935 1
174 831 1365 1
175 833 1366 1
176 832 1367 1
177 834 1368 1
341 826 1395 1
342 827 1396 1
343 828 1397 1
344 829 1398 1
556 1128 1212 1
285 1520 825 1
908 1267 1514 1
907 1265 1513 1
910 1266 1512 1
909 1264 1511 1
166 842 1385 1
167 843 1386 1
168 844 1387 1
169 845 1388 1
447 1304 975 1
73 74 1262 1
106 107 1263 1
133 134 1264 1
40 41 1268 1
7 8 1269 1
34 35 1265 1
100 101 1266 1
67 68 1267 1
239 1188 1349 1
240 1189 1350 1
241 1190 1351 1
242 1191 1352 1
552 1188 1522 1
553 1189 1523 1
554 1190 1524 1
555 1191 1525 1
313 1507 835 1
150 1508 835 1
314 1509 836 1
152 1510 837 1
142 838 1460 1
143 839 1461 1
144 840 1462 1
145 841 1463 1
182 1467 964 1
183 1468 966 1
184 1465 965 1
185 1466 967 1
221 975 1304 1
187 851 1434 1
186 852 1435 1
189 853 1436 1
188 854 1437 1
76 77 1310 1
109 110 1311 1
43 44 1312 1
10 11 1313 1
31 32 1314 1
64 65 1315 1
130 131 1316 1
97 98 1317 1
218 1479 858 1
219 1480 859 1
158 1254 888 1
159 1256 890 1
160 1255 889 1
161 1257 891 1
165 1377 1034 1
315 1230 1363 1
220 855 1540 1
511 1365 1086 1
513 1367 1088 1
512 1366 1087 1
514 1368 1089 1
414 1369 900 1
376 1371 1196 1
605 1450 1090 1
606 1451 1091 1
607 1452 1092 1
608 1453 1093 1
137 940 1196 1
408 1442 936 1
409 1443 937 1
410 1444 938 1
411 1445 939 1
414 900 1277 1
430 1377 900 1
472 968 1162 1
473 969 1163 1
474 970 1164 1
475 971 1165 1
460 1240 1086 1
511 1086 1240 1
461 1241 1087 1
512 1087 1241 1
462 1242 1088 1
513 1088 1242 1
463 1243 1089 1
514 1089 1243 1
888 1552 1133 1
889 1553 1134 1
890 1554 1135 1
891 1555 1136 1
490 1399 864 1
412 1083 1050 1
408 953 1442 1
409 954 1443 1
410 955 1444 1
411 956 1445 1
210 865 1417 1
211 866 1418 1
212 867 1419 1
213 868 1420 1
747 1547 1560 1
748 1548 1561 1
749 1549 1562 1
750 1550 1563 1
312 1551 859 1
394 1439 1110 1
396 1441 1112 1
395 1438 1111 1
397 1440 1113 1
428 869 1521 1
431 871 1417 1
432 872 1418 1
210 1417 871 1
211 1418 872 1
433 873 1419 1
212 1419 873 1
434 874 1420 1
213 1420 874 1
639 1335 1357 1
260 1357 1335 1
640 1336 1358 1
261 1358 1336 1
641 1337 1359 1
262 1359 1337 1
642 1338 1360 1
263 1360 1338 1
60 61 1431 1
27 28 1430 1
93 94 1433 1
126 127 1432 1
449 1033 1252 1
249 1252 1033 1
413 1498 1023 1
239 1051 1188 1
240 1052 1189 1
241 1053 1190 1
242 1054 1191 1
552 1349 1188 1
553 1350 1189 1
554 1351 1190 1
555 1352 1191 1
135 136 1500 1
36 37 1499 1
71 72 1502 1
104 105 1505 1
102 103 1506 1
69 70 1504 1
38 39 1501 1
5 6 1503 1
312 1521 869 1
80 81 1535 1
113 114 1536 1
47 48 1537 1
14 15 1538 1
486 1560 1547 1
487 1561 1548 1
488 1562 1549 1
489 1563 1550 1
385 1069 1175 1
386 1070 1176 1
387 1071 1177 1
388 1072 1178 1
427 1384 902 1
490 1400 887 1
538 1364 1526 1
138 924 1306 1
139 925 1307 1
140 926 1308 1
141 927 1309 1
429 1118 1095 1
430 1095 1118 1
511 945 1233 1
512 946 1232 1
513 947 1235 1
514 948 1234 1
249 900 1369 1
303 875 1543 1
304 876 1544 1
305 877 1545 1
306 878 1546 1
165 1394 1277 1
321 928 1288 1
323 930 1286 1
322 929 1289 1
324 931 1287 1
194 1522 879 1
195 1523 880 1
196 1524 881 1
197 1525 882 1
714 1389 1519 1
450 1519 1389 1
419 1306 924 1
420 1307 925 1
421 1308 926 1
422 1309 927 1
205 1213 1400 1
127 993 1432 1
94 994 1433 1
28 995 1430 1
61 996 1431 1
164 902 1384 1
427 1155 1157 1
476 1157 1155 1
445 1493 1245 1
450 1389 957 1
163 957 1389 1
165 958 1394 1
451 1394 958 1
366 1552 888 1
367 1553 889 1
368 1554 890 1
369 1555 891 1
415 1258 1057 1
416 1259 1058 1
417 1260 1059 1
418 1261 1060 1
423 964 1294 1
424 965 1295 1
425 966 1296 1
426 967 1297 1
152 1459 1212 1
523 1507 1270 1
524 1509 1271 1
349 1295 965 1
350 1294 964 1
351 1297 967 1
352 1296 966 1
440 1083 1282 1
325 907 1513 1
327 908 1514 1
326 909 1511 1
328 910 1512 1
565 1034 1383 1
537 1363 1230 1
419 1188 1051 1
420 1189 1052 1
421 1190 1053 1
422 1191 1054 1
142 1324 1298 1
580 1298 1324 1
143 1325 1299 1
582 1299 1325 1
144 1326 1301 1
581 1301 1326 1
145 1327 1303 1
583 1303 1327 1
507 1349 1170 1
552 1170 1349 1
508 1350 1171 1
553 1171 1350 1
509 1351 1172 1
554 1172 1351 1
510 1352 1173 1
555 1173 1352 1
481 1305 1459 1
477 936 1390 1
478 937 1391 1
479 938 1392 1
480 939 1393 1
597 1465 928 1
598 1466 929 1
599 1467 930 1
600 1468 931 1
413 1213 1498 1
481 1020 1540 1
445 1285 1493 1
402 1494 941 1
403 1495 942 1
404 1496 943 1
405 1497 944 1
239 1016 1318 1
240 1017 1319 1
241 1018 1320 1
242 1019 1321 1
385 1175 1409 1
663 1409 1175 1
387 1177 1411 1
665 1411 1177 1
386 1176 1410 1
664 1410 1176 1
388 1178 1412 1
666 1412 1178 1
82 1442 953 1
115 1443 954 1
49 1444 955 1
16 1445 956 1
535 1228 1290 1
377 1290 1228 1
536 1229 1291 1
378 1291 1229 1
379 1292 1230 1
537 1230 1292 1
202 1329 1179 1
254 1282 1083 1
235 960 1489 1
236 961 1490 1
237 962 1491 1
238 963 1492 1
460 1133 1240 1
226 1240 1133 1
461 1134 1241 1
227 1241 1134 1
462 1135 1242 1
228 1242 1135 1
463 1136 1243 1
229 1243 1136 1
248 1464 1035 1
452 976 1489 1
235 1489 976 1
453 977 1490 1
236 1490 977 1
454 978 1491 1
237 1491 978 1
455 979 1492 1
238 1492 979 1
430 1118 1372 1
413 1212 1128 1
456 1247 1208 1
519 1208 1247 1
457 1248 1209 1
520 1209 1248 1
458 1249 1210 1
521 1210 1249 1
459 1250 1211 1
522 1211 1250 1
501 1513 1265 1
504 1514 1267 1
505 1511 1264 1
506 1512 1266 1
247 959 1539 1
429 1033 1328 1
389 1399 1035 1
490 1035 1399 1
543 1435 1556 1
544 1434 1557 1
545 1437 1558 1
546 1436 1559 1
428 1272 1055 1
385 1409 1137 1
387 1411 1138 1
386 1410 1139 1
388 1412 1140 1
441 1283 1073 1
443 1284 1074 1
445 1075 1285 1
515 1531 1106 1
516 1532 1107 1
517 1533 1108 1
518 1534 1109 1
371 1022 1382 1
440 1339 1094 1
371 1010 1470 1
251 1285 1300 1
562 1244 1322 1
564 1246 1323 1
556 1459 1305 1
534 1251 1252 1
449 1252 1251 1
557 1383 1034 1
218 1073 1479 1
219 1074 1480 1
285 1023 1498 1
490 1382 1400 1
234 1094 1339 1
250 1322 1283 1
252 1323 1284 1
491 1218 1543 1
492 1220 1544 1
493 1219 1545 1
494 1221 1546 1
56 1403 1038 1
23 1404 1039 1
89 1401 1040 1
122 1402 1041 1
380 1526 1024 1
469 1342 1121 1
468 1341 1122 1
26 1121 1342 1
59 1122 1341 1
471 1344 1119 1
470 1343 1120 1
125 1119 1344 1
92 1120 1343 1
830 1371 1154 1
481 1459 1253 1
412 1469 1174 1
491 1137 1409 1
492 1138 1411 1
493 1139 1410 1
494 1140 1412 1
221 1372 1118 1
439 1179 1329 1
590 1539 1329 1
448 1196 1371 1
486 1197 1560 1
487 1198 1561 1
488 1199 1562 1
489 1200 1563 1
440 1282 1339 1
900 1377 1277 1
376 1154 1371 1
574 1078 1464 1
495 1114 1450 1
398 1450 1114 1
496 1115 1451 1
399 1451 1115 1
497 1116 1452 1
400 1452 1116 1
498 1117 1453 1
401 1453 1117 1
442 1479 1073 1
444 1480 1074 1
446 1301 1300 1
581 1300 1301 1
447 1303 1302 1
583 1302 1303 1
442 1322 1244 1
444 1323 1246 1
398 1090 1450 1
399 1091 1451 1
400 1092 1452 1
401 1093 1453 1
621 1110 1439 1
622 1111 1438 1
623 1112 1441 1
624 1113 1440 1
628 1500 1456 1
629 1457 1502 1
627 1499 1455 1
630 1458 1505 1
630 1506 1458 1
71 1502 1457 1
104 1505 1458 1
136 1456 1500 1
103 1458 1506 1
37 1455 1499 1
70 1457 1504 1
629 1504 1457 1
5 1503 1456 1
38 1501 1455 1
627 1455 1501 1
628 1456 1503 1
591 1339 1282 1
563 1245 1493 1
526 1158 1385 1
166 1385 1158 1
527 1159 1386 1
167 1386 1159 1
168 1387 1160 1
528 1160 1387 1
529 1161 1388 1
169 1388 1161 1
415 1150 1547 1
416 1151 1548 1
417 1152 1549 1
418 1153 1550 1
472 1485 1254 1
473 1486 1255 1
474 1487 1256 1
475 1488 1257 1
151 1370 1231 1
575 1231 1370 1
221 1304 1372 1
557 1372 1304 1
647 1133 1552 1
649 1135 1554 1
648 1134 1553 1
650 1136 1555 1
428 1521 1222 1
747 1258 1547 1
748 1259 1548 1
749 1260 1549 1
750 1261 1550 1
589 1174 1469 1
165 1277 1377 1
551 1454 1370 1
575 1370 1454 1
486 1547 1150 1
487 1548 1151 1
488 1549 1152 1
489 1550 1153 1
415 1547 1258 1
416 1548 1259 1
417 1549 1260 1
418 1550 1261 1
152 1253 1459 1
760 1498 1213 1
534 1252 1541 1
251 1493 1285 1
380 1293 1526 1
249 1541 1252 1
538 1526 1293 1
687 1531 1481 1
688 1532 1482 1
689 1533 1483 1
690 1534 1484 1
700 1541 1369 1
249 1369 1541 1
515 1481 1531 1
516 1482 1532 1
517 1483 1533 1
518 1484 1534 1
