1 1 5
1 5 6
1 6 7
1 7 8
1 8 9
1 9 10
1 10 11
1 11 12
1 12 13
1 13 14
1 14 15
1 15 16
1 16 17
1 17 18
1 18 19
1 19 20
1 20 21
1 21 22
1 22 23
1 23 2
2 2 24
2 24 25
2 25 26
2 26 27
2 27 28
2 28 29
2 29 30
2 30 31
2 31 32
2 32 33
2 33 34
2 34 35
2 35 36
2 36 37
2 37 38
2 38 39
2 39 40
2 40 41
2 41 42
2 42 3
3 3 43
3 43 44
3 44 45
3 45 46
3 46 47
3 47 48
3 48 49
3 49 50
3 50 51
3 51 52
3 52 53
3 53 54
3 54 55
3 55 56
3 56 57
3 57 58
3 58 59
3 59 60
3 60 61
3 61 4
4 4 62
4 62 63
4 63 64
4 64 65
4 65 66
4 66 67
4 67 68
4 68 69
4 69 70
4 70 71
4 71 72
4 72 73
4 73 74
4 74 75
4 75 76
4 76 77
4 77 78
4 78 79
4 79 80
4 80 1
