0 0
1 0
1 1
0 1
0.05 0
0.1 0
0.15 0
0.2 0
0.25 0
0.3 0
0.35 0
0.4 0
0.45 0
0.5 0
0.55 0
0.6 0
0.65 0
0.7 0
0.75 0
0.8 0
0.85 0
0.9 0
0.95 0
1 0.05
1 0.1
1 0.15
1 0.2
1 0.25
1 0.3
1 0.35
1 0.4
1 0.45
1 0.5
1 0.55
1 0.6
1 0.65
1 0.7
1 0.75
1 0.8
1 0.85
1 0.9
1 0.95
0.95 1
0.9 1
0.85 1
0.8 1
0.75 1
0.7 1
0.65 1
0.6 1
0.55 1
0.5 1
0.45 1
0.4 1
0.35 1
0.3 1
0.25 1
0.2 1
0.15 1
0.1 1
0.05 1
0 0.95
0 0.9
0 0.85
0 0.8
0 0.75
0 0.7
0 0.65
0 0.6
0 0.55
0 0.5
0 0.45
0 0.4
0 0.35
0 0.3
0 0.25
0 0.2
0 0.15
0 0.1
0 0.05
0.50334 0.5012
0.70252 0.70359
0.29641 0.70252
0.70359 0.29748
0.29748 0.29641
0.5 0.78031
0.21969 0.5
0.78031 0.5
0.5 0.21969
0.82898 0.82898
0.17102 0.82898
0.832 0.16901
0.16901 0.168
0.56567 0.6367
0.35984 0.56699
0.64016 0.43301
0.43301 0.35984
0.63969 0.84599
0.15401 0.63969
0.84599 0.36031
0.36031 0.15401
0.84599 0.63969
0.36031 0.84599
0.63969 0.15401
0.15401 0.36031
0.44346 0.66642
0.66549 0.55617
0.33383 0.4413
0.5587 0.33383
0.53432 0.88563
0.11437 0.53432
0.88561 0.46573
0.46568 0.11437
0.74199 0.90893
0.091073 0.74199
0.89586 0.25715
0.25715 0.10414
0.88949 0.73695
0.73688 0.11048
0.26305 0.88949
0.11048 0.26312
0.5982 0.74381
0.25619 0.5982
0.74381 0.4018
0.4018 0.25619
0.74417 0.60492
0.39508 0.74417
0.60492 0.25583
0.25583 0.39508
0.90045 0.90201
0.90083 0.098077
0.097991 0.90045
0.098077 0.099172
0.43591 0.9029
0.097101 0.43591
0.9029 0.56409
0.56409 0.097101
0.73983 0.7963
0.2037 0.73983
0.7963 0.26017
0.26017 0.2037
0.77998 0.71397
0.28603 0.77998
0.71397 0.22002
0.22002 0.28603
0.49189 0.59024
0.57388 0.54318
0.4101 0.49084
0.54902 0.42307
0.65195 0.6425
0.35945 0.65165
0.6425 0.34805
0.34805 0.3575
0.8171 0.91319
0.086813 0.8171
0.91839 0.18173
0.18173 0.081612
0.91839 0.81827
0.82118 0.082875
0.18173 0.91839
0.082875 0.17882
0.51484 0.69707
0.30293 0.51484
0.70015 0.48482
0.48379 0.29745
0.60938 0.91847
0.081525 0.60938
0.9189 0.39095
0.39062 0.081525
0.9267 0.65773
0.65773 0.073297
0.34227 0.9267
0.073297 0.34227
0.43087 0.82154
0.82154 0.56913
0.17846 0.43087
0.56913 0.17846
0.46102 0.43254
0.56759 0.81794
0.18206 0.56759
0.81794 0.43241
0.43241 0.18206
0.6682 0.7777
0.2223 0.6682
0.7777 0.3318
0.3318 0.2223
0.67757 0.93106
0.068938 0.67757
0.93106 0.32243
0.32243 0.068938
0.43565 0.55159
0.58981 0.48141
0.49854 0.37076
0.44765 0.73752
0.73752 0.55235
0.26248 0.44765
0.55176 0.26105
0.3942 0.41912
0.4867 0.93511
0.064893 0.4867
0.93511 0.5133
0.5133 0.064893
0.40654 0.61581
0.49772 0.83999
0.16001 0.49772
0.83999 0.50229
0.50228 0.16001
0.70086 0.8435
0.1565 0.70086
0.8435 0.29914
0.29914 0.1565
0.83991 0.77106
0.22894 0.83991
0.77216 0.159
0.159 0.22784
0.76396 0.67808
0.32192 0.76396
0.67808 0.23604
0.23604 0.32192
0.64519 0.69602
0.30422 0.64515
0.69602 0.35481
0.35481 0.30398
0.61233 0.60847
0.60122 0.39098
0.93947 0.60485
0.60485 0.060531
0.39515 0.93947
0.060531 0.39515
0.64455 0.50369
0.94157 0.058434
0.058434 0.058434
0.94157 0.94157
0.058434 0.94157
0.77689 0.94706
0.052938 0.77689
0.94466 0.23167
0.23167 0.055344
0.94421 0.76777
0.76543 0.056452
0.23223 0.94421
0.056452 0.23457
0.78285 0.83746
0.16254 0.78285
0.84534 0.22626
0.22626 0.15466
0.55307 0.9482
0.051802 0.55307
0.94813 0.44709
0.44693 0.051802
0.85608 0.6938
0.6938 0.14392
0.3062 0.85608
0.14392 0.3062
0.51172 0.64016
0.35816 0.51113
0.57051 0.69669
0.3043 0.56914
0.69596 0.43071
0.43059 0.30396
0.54466 0.74718
0.25287 0.54458
0.7473 0.45539
0.45533 0.25257
0.86696 0.94753
0.052469 0.86696
0.941 0.13836
0.13836 0.058996
0.94096 0.86165
0.86589 0.054873
0.13835 0.94096
0.054873 0.13411
0.69289 0.61205
0.38642 0.69286
0.61205 0.30711
0.30598 0.39347
0.58267 0.87013
0.12987 0.58267
0.87013 0.41744
0.41733 0.12987
0.74918 0.7423
0.2577 0.74918
0.7423 0.25082
0.25082 0.2577
0.61897 0.79522
0.20478 0.61897
0.79522 0.38103
0.38103 0.20478
0.94636 0.71209
0.71175 0.05373
0.28791 0.94636
0.05373 0.28825
0.85175 0.87705
0.12295 0.85175
0.85175 0.12295
0.12295 0.14825
0.53087 0.55299
0.38703 0.80283
0.80283 0.61297
0.19717 0.38703
0.61297 0.19717
0.79422 0.79641
0.20359 0.79422
0.80027 0.20597
0.20597 0.19973
0.71519 0.65679
0.3427 0.71672
0.65679 0.28481
0.28474 0.34356
0.37839 0.89065
0.89065 0.62161
0.10935 0.37839
0.62161 0.10935
0.53542 0.6012
0.50754 0.45066
0.80848 0.67208
0.32792 0.80848
0.67208 0.19152
0.19152 0.32792
0.45294 0.51495
0.60879 0.66592
0.33231 0.60779
0.66347 0.39153
0.39121 0.33408
0.8766 0.81041
0.18959 0.8766
0.66923 0.88041
0.11959 0.66923
0.88041 0.33077
0.33077 0.11959
0.44006 0.95639
0.043613 0.44006
0.95639 0.55994
0.55994 0.043613
0.81103 0.12588
0.12588 0.18897
0.55417 0.50922
0.48758 0.8908
0.1092 0.48758
0.8908 0.51243
0.51242 0.1092
0.43307 0.78031
0.78031 0.56693
0.21969 0.43307
0.56683 0.21945
0.71789 0.95137
0.048633 0.71789
0.94916 0.28321
0.28321 0.050843
0.45517 0.62743
0.87356 0.18922
0.18922 0.12644
0.63754 0.95578
0.044218 0.63754
0.95581 0.36249
0.36246 0.044218
0.61867 0.55492
0.37702 0.45819
0.59313 0.43977
0.54716 0.37829
0.88962 0.85312
0.14688 0.88962
0.88778 0.14848
0.14848 0.11222
0.7802 0.88768
0.11232 0.7802
0.7116 0.75039
0.24961 0.7116
0.75039 0.2884
0.2884 0.24961
0.82676 0.95611
0.043889 0.82676
0.96081 0.18035
0.18035 0.03919
0.96071 0.81954
0.8205 0.03884
0.18046 0.96071
0.03884 0.1795
0.35481 0.40313
0.39983 0.53463
0.47253 0.34082
0.51492 0.33267
0.47975 0.54873
0.4234 0.44762
0.49073 0.73759
0.46737 0.70016
0.26242 0.49072
0.29989 0.46701
0.69798 0.52897
0.73815 0.50697
0.50733 0.26131
0.32895 0.9678
0.032221 0.32901
0.9678 0.67105
0.67099 0.032221
0.46153 0.47344
0.46543 0.38788
0.57578 0.77752
0.22249 0.57578
0.77753 0.42422
0.42422 0.22247
0.88397 0.66252
0.33748 0.88397
0.66252 0.11603
0.11603 0.33748
0.65502 0.59453
0.59596 0.34609
0.89556 0.21721
0.21721 0.10444
0.54048 0.84334
0.15666 0.54048
0.84333 0.45954
0.45952 0.15666
0.59314 0.95886
0.04114 0.59314
0.95886 0.40686
0.40686 0.04114
0.45354 0.85552
0.14448 0.45354
0.85551 0.54646
0.54646 0.14448
0.40481 0.8513
0.8513 0.59519
0.1487 0.40481
0.59519 0.1487
0.39222 0.38068
0.90414 0.77869
0.22131 0.90414
0.6633 0.46626
0.64204 0.74316
0.25685 0.64204
0.74316 0.35796
0.35796 0.25684
0.54784 0.4664
0.77926 0.099695
0.099695 0.22074
0.62484 0.87808
0.12192 0.62484
0.87815 0.37524
0.37516 0.12192
0.96267 0.48495
0.48492 0.037321
0.51508 0.96268
0.037321 0.51508
0.6692 0.81821
0.18179 0.6692
0.81821 0.3308
0.3308 0.18179
0.90052 0.69262
0.69254 0.099492
0.30738 0.90052
0.099492 0.30746
0.95994 0.094458
0.90554 0.95994
0.094458 0.040058
0.040058 0.90554
0.90554 0.040058
0.95994 0.90554
0.040058 0.094458
0.094458 0.95994
0.67689 0.67861
0.3226 0.6767
0.67861 0.32311
0.3231 0.32141
0.5377 0.80105
0.19896 0.53769
0.80107 0.46231
0.46229 0.19891
0.54059 0.66889
0.33131 0.54053
0.40565 0.65626
0.46594 0.80782
0.19218 0.46594
0.80782 0.53406
0.53405 0.19215
0.56877 0.91182
0.088177 0.56877
0.90991 0.43127
0.43123 0.088177
0.50478 0.4072
0.6766 0.96764
0.032358 0.6766
0.96721 0.32362
0.32362 0.0328
0.60271 0.83436
0.16564 0.60271
0.83436 0.39729
0.39729 0.16564
0.60838 0.70496
0.29504 0.60838
0.70496 0.39162
0.39162 0.29504
0.97056 0.525
0.525 0.029445
0.475 0.97056
0.029445 0.475
0.35837 0.7773
0.7773 0.64163
0.2227 0.35837
0.64163 0.2227
0.69892 0.7972
0.2028 0.69892
0.7972 0.30108
0.30108 0.2028
0.81306 0.86774
0.13226 0.81306
0.40468 0.57638
0.62619 0.46483
0.78651 0.75664
0.24336 0.78651
0.75826 0.21155
0.21155 0.24174
0.52929 0.29671
0.8312 0.72745
0.72768 0.16854
0.27255 0.8312
0.16854 0.27232
0.42716 0.70078
0.70088 0.57166
0.2963 0.42983
0.57188 0.29874
0.74155 0.86275
0.13725 0.74155
0.8539 0.26319
0.26319 0.1461
0.70476 0.90098
0.099019 0.70476
0.89886 0.29506
0.29506 0.10114
0.59622 0.51849
0.37105 0.60545
0.96654 0.63636
0.63635 0.033458
0.36364 0.96654
0.033458 0.36365
0.96763 0.03237
0.03237 0.03237
0.96763 0.96763
0.030452 0.96955
0.46635 0.76768
0.76797 0.53316
0.23232 0.46635
0.53265 0.23135
0.67626 0.72714
0.2735 0.67582
0.72714 0.32374
0.32374 0.27286
0.47819 0.66454
0.33436 0.4785
0.4503 0.58443
0.42931 0.40627
0.64418 0.91458
0.085419 0.64418
0.91287 0.35637
0.35582 0.085419
0.57484 0.58437
0.85383 0.91296
0.087042 0.85383
0.86149 0.08969
0.08969 0.13851
0.73985 0.70741
0.29255 0.73998
0.70741 0.26015
0.26014 0.29262
0.52425 0.92237
0.077627 0.52425
0.92204 0.47579
0.47575 0.077627
