127 518 194 1
126 519 195 1
129 520 196 1
128 521 197 1
94 224 321 1
150 321 224 1
96 225 323 1
152 323 225 1
114 235 346 1
115 236 347 1
116 237 348 1
117 238 349 1
44 45 454 1
63 64 456 1
459 78 79 1
460 59 60 1
457 21 22 1
458 40 41 1
25 26 453 1
6 7 455 1
27 237 373 1
8 238 374 1
46 235 371 1
65 236 372 1
39 375 239 1
20 376 240 1
58 377 241 1
77 378 242 1
86 465 204 1
87 466 205 1
88 467 206 1
89 468 207 1
46 47 235 1
65 66 236 1
27 28 237 1
8 9 238 1
38 39 239 1
19 20 240 1
57 58 241 1
76 77 242 1
38 239 289 1
19 240 290 1
57 241 291 1
76 242 292 1
90 325 361 1
91 326 362 1
127 194 342 1
126 195 343 1
129 196 344 1
128 197 345 1
454 45 265 1
456 64 266 1
272 78 459 1
271 59 460 1
270 21 457 1
269 40 458 1
453 26 267 1
455 7 268 1
121 436 215 1
119 435 214 1
118 427 212 1
120 428 213 1
114 346 526 1
115 347 527 1
116 348 528 1
117 349 529 1
171 313 227 1
170 311 226 1
173 312 229 1
172 310 228 1
204 465 410 1
205 466 411 1
206 467 412 1
207 468 413 1
90 361 293 1
91 362 294 1
92 295 363 1
93 296 364 1
215 436 336 1
214 435 335 1
92 363 351 1
93 364 352 1
217 307 497 1
216 306 498 1
219 309 499 1
218 308 500 1
120 291 241 1
121 292 242 1
118 289 239 1
119 290 240 1
213 428 326 1
212 427 325 1
497 307 127 1
498 306 126 1
499 309 129 1
500 308 128 1
556 314 297 1
35 226 333 1
16 227 334 1
54 228 331 1
73 229 332 1
134 199 331 1
135 200 332 1
136 201 333 1
137 202 334 1
147 556 297 1
37 38 289 1
18 19 290 1
56 57 291 1
75 76 292 1
136 423 420 1
134 422 418 1
137 425 421 1
135 424 419 1
136 311 423 1
137 313 425 1
134 310 422 1
135 312 424 1
126 273 519 1
127 274 518 1
128 275 521 1
129 276 520 1
162 257 261 1
163 258 262 1
164 259 263 1
165 260 264 1
156 373 237 1
157 374 238 1
154 371 235 1
155 372 236 1
158 239 375 1
159 240 376 1
160 241 377 1
161 242 378 1
122 261 257 1
123 262 258 1
124 263 259 1
125 264 260 1
514 142 316 1
516 143 317 1
515 144 318 1
517 145 319 1
251 514 316 1
252 515 318 1
253 516 317 1
254 517 319 1
150 273 306 1
151 274 307 1
152 275 308 1
153 276 309 1
445 327 98 1
208 327 445 1
446 328 99 1
209 328 446 1
447 329 100 1
210 329 447 1
448 330 101 1
211 330 448 1
146 255 350 1
149 480 360 1
134 338 199 1
135 339 200 1
136 340 201 1
137 341 202 1
146 314 255 1
94 255 314 1
171 404 313 1
170 402 311 1
172 403 310 1
173 405 312 1
90 302 212 1
91 303 213 1
92 304 214 1
93 305 215 1
102 316 299 1
103 317 298 1
104 318 301 1
105 319 300 1
224 357 406 1
114 365 235 1
115 366 236 1
154 235 365 1
155 236 366 1
138 302 243 1
90 243 302 1
139 303 244 1
91 244 303 1
140 304 245 1
92 245 304 1
141 305 246 1
93 246 305 1
130 233 454 1
131 231 453 1
131 457 231 1
132 234 456 1
130 458 233 1
133 232 455 1
133 459 232 1
132 460 234 1
136 226 311 1
134 228 310 1
137 227 313 1
135 229 312 1
150 220 321 1
151 221 322 1
152 222 323 1
153 223 324 1
34 35 333 1
15 16 334 1
53 54 331 1
72 73 332 1
24 453 231 1
5 455 232 1
23 231 457 1
42 233 458 1
43 454 233 1
62 456 234 1
80 232 459 1
61 234 460 1
51 247 414 1
70 248 415 1
32 249 416 1
13 250 417 1
92 214 335 1
93 215 336 1
138 522 208 1
139 523 209 1
140 524 210 1
141 525 211 1
110 338 204 1
111 339 205 1
112 340 206 1
113 341 207 1
121 452 292 1
120 451 291 1
119 450 290 1
118 449 289 1
142 216 316 1
143 217 317 1
144 218 318 1
145 219 319 1
90 212 325 1
91 213 326 1
107 230 389 1
164 389 230 1
142 561 216 1
143 562 217 1
144 563 218 1
145 564 219 1
130 454 265 1
132 456 266 1
131 453 267 1
130 269 458 1
131 270 457 1
133 455 268 1
132 271 460 1
133 272 459 1
149 360 225 1
193 360 480 1
107 406 357 1
86 204 472 1
87 205 473 1
88 206 474 1
89 207 475 1
208 522 526 1
209 523 527 1
210 524 528 1
211 525 529 1
126 306 273 1
127 307 274 1
128 308 275 1
129 309 276 1
118 212 514 1
119 214 515 1
120 213 516 1
121 215 517 1
224 556 357 1
191 380 320 1
148 320 380 1
106 471 350 1
203 350 471 1
116 245 408 1
117 246 409 1
148 256 358 1
47 346 235 1
66 347 236 1
28 348 237 1
9 349 238 1
136 333 226 1
137 334 227 1
134 331 228 1
135 332 229 1
203 507 550 1
97 260 381 1
165 381 260 1
49 50 353 1
68 69 354 1
30 31 355 1
11 12 356 1
138 281 509 1
139 282 510 1
140 283 511 1
141 284 512 1
24 231 536 1
5 232 537 1
23 536 231 1
80 537 232 1
42 538 233 1
43 233 538 1
61 539 234 1
62 234 539 1
130 361 269 1
132 362 271 1
158 269 361 1
156 363 267 1
160 271 362 1
157 364 268 1
131 267 363 1
133 268 364 1
147 357 556 1
225 360 407 1
298 317 497 1
299 316 498 1
300 319 499 1
301 318 500 1
198 358 379 1
108 379 358 1
203 471 151 1
110 204 410 1
111 205 411 1
112 206 412 1
113 207 413 1
531 203 151 1
150 306 461 1
151 307 462 1
152 308 463 1
153 309 464 1
138 208 501 1
139 209 502 1
140 210 503 1
141 211 504 1
97 551 426 1
138 243 522 1
139 244 523 1
140 245 524 1
141 246 525 1
94 556 224 1
102 251 316 1
104 252 318 1
103 253 317 1
105 254 319 1
139 510 303 1
138 509 302 1
141 512 305 1
140 511 304 1
255 548 350 1
149 225 359 1
96 359 225 1
82 306 561 1
83 307 562 1
216 561 306 1
217 562 307 1
84 308 563 1
85 309 564 1
218 563 308 1
219 564 309 1
114 526 522 1
115 527 523 1
116 528 524 1
117 529 525 1
122 430 285 1
183 285 430 1
123 431 286 1
184 286 431 1
124 432 287 1
185 287 432 1
125 433 288 1
186 288 433 1
170 226 532 1
171 227 533 1
172 228 534 1
173 229 535 1
150 461 220 1
151 462 221 1
152 463 222 1
153 464 223 1
138 367 281 1
139 368 282 1
140 369 283 1
141 370 284 1
191 550 507 1
12 13 417 1
31 32 416 1
69 70 415 1
50 51 414 1
24 25 453 1
5 6 455 1
43 44 454 1
62 63 456 1
41 42 458 1
22 23 457 1
60 61 460 1
79 80 459 1
118 514 251 1
119 515 252 1
120 516 253 1
121 517 254 1
162 261 385 1
163 262 387 1
164 263 390 1
165 264 391 1
107 357 230 1
109 407 360 1
148 384 396 1
98 285 445 1
99 286 446 1
100 287 447 1
101 288 448 1
50 414 353 1
69 415 354 1
31 416 355 1
12 417 356 1
150 224 406 1
152 225 407 1
94 321 257 1
95 322 258 1
96 323 259 1
97 324 260 1
16 533 227 1
35 532 226 1
73 535 229 1
54 534 228 1
86 385 261 1
87 387 262 1
88 390 263 1
89 391 264 1
127 342 298 1
129 344 300 1
126 343 299 1
128 345 301 1
142 281 561 1
143 282 562 1
144 283 563 1
145 284 564 1
146 297 314 1
148 396 320 1
183 445 285 1
184 446 286 1
185 447 287 1
186 448 288 1
92 351 245 1
93 352 246 1
192 508 230 1
530 192 230 1
110 410 277 1
179 277 410 1
111 411 278 1
180 278 411 1
112 412 279 1
181 279 412 1
113 413 280 1
182 280 413 1
208 526 327 1
209 527 328 1
210 528 329 1
211 529 330 1
212 509 514 1
213 510 516 1
214 511 515 1
215 512 517 1
116 524 245 1
117 525 246 1
204 418 472 1
205 419 473 1
206 420 474 1
207 421 475 1
162 548 255 1
163 549 256 1
485 98 437 1
486 99 438 1
487 100 439 1
488 101 440 1
164 230 429 1
147 297 337 1
81 315 434 1
277 485 437 1
278 486 438 1
279 487 439 1
280 488 440 1
95 256 380 1
174 472 418 1
176 473 419 1
175 474 420 1
177 475 421 1
116 408 237 1
156 237 408 1
117 409 238 1
157 238 409 1
81 434 337 1
93 336 296 1
92 335 295 1
114 522 365 1
243 365 522 1
115 523 366 1
244 366 523 1
159 435 240 1
161 436 242 1
158 427 239 1
160 428 241 1
119 240 435 1
121 242 436 1
118 239 427 1
120 241 428 1
561 367 82 1
281 367 561 1
562 368 83 1
282 368 562 1
563 369 84 1
283 369 563 1
564 370 85 1
284 370 564 1
118 251 449 1
120 253 451 1
119 252 450 1
121 254 452 1
192 434 359 1
96 259 429 1
164 429 259 1
90 505 243 1
91 506 244 1
245 351 408 1
246 352 409 1
131 559 270 1
133 560 272 1
102 311 402 1
104 313 404 1
103 310 403 1
105 312 405 1
159 295 335 1
161 296 336 1
47 48 346 1
66 67 347 1
28 29 348 1
9 10 349 1
51 443 247 1
70 444 248 1
32 441 249 1
13 442 250 1
193 382 360 1
158 361 325 1
160 362 326 1
81 337 297 1
168 416 478 1
249 478 416 1
45 371 265 1
64 372 266 1
160 377 271 1
158 375 269 1
161 378 272 1
159 376 270 1
59 271 377 1
40 269 375 1
78 272 378 1
21 270 376 1
26 373 267 1
7 374 268 1
156 267 373 1
157 268 374 1
203 550 350 1
81 297 383 1
108 276 379 1
153 379 276 1
198 426 551 1
109 360 382 1
102 402 251 1
104 404 252 1
103 403 253 1
105 405 254 1
148 380 256 1
174 298 342 1
175 299 343 1
176 300 344 1
177 301 345 1
265 371 557 1
266 372 558 1
154 557 371 1
155 558 372 1
142 514 509 1
143 516 510 1
144 515 511 1
145 517 512 1
149 315 480 1
149 359 434 1
154 505 293 1
155 506 294 1
212 302 509 1
213 303 510 1
214 304 511 1
215 305 512 1
519 406 107 1
273 406 519 1
521 407 109 1
275 407 521 1
247 476 414 1
166 414 476 1
248 477 415 1
167 415 477 1
250 479 417 1
169 417 479 1
94 469 255 1
95 470 256 1
162 255 469 1
163 256 470 1
130 265 557 1
132 266 558 1
159 270 559 1
161 272 560 1
187 526 346 1
188 527 347 1
189 528 348 1
190 529 349 1
122 398 261 1
123 399 262 1
124 400 263 1
125 401 264 1
94 314 556 1
122 257 489 1
123 258 490 1
124 259 491 1
125 260 492 1
86 261 465 1
87 262 466 1
88 263 467 1
89 264 468 1
162 469 257 1
163 470 258 1
94 257 469 1
95 258 470 1
166 277 437 1
167 278 438 1
168 279 439 1
169 280 440 1
202 494 334 1
200 496 332 1
201 493 333 1
199 495 331 1
179 410 465 1
180 411 466 1
181 412 467 1
182 413 468 1
81 383 320 1
138 501 367 1
139 502 368 1
140 503 369 1
141 504 370 1
174 422 298 1
103 298 422 1
176 424 300 1
175 423 299 1
102 299 423 1
105 300 424 1
177 425 301 1
104 301 425 1
150 406 273 1
152 407 275 1
151 471 274 1
130 293 361 1
132 294 362 1
131 363 295 1
133 364 296 1
256 549 358 1
170 289 449 1
171 290 450 1
172 291 451 1
173 292 452 1
191 320 383 1
108 520 276 1
37 289 394 1
18 290 395 1
56 291 392 1
75 292 393 1
179 398 285 1
122 285 398 1
123 286 399 1
180 399 286 1
124 287 400 1
181 400 287 1
125 288 401 1
182 401 288 1
98 485 285 1
99 486 286 1
100 487 287 1
101 488 288 1
110 277 476 1
111 278 477 1
168 478 279 1
113 280 479 1
166 476 277 1
167 477 278 1
112 279 478 1
169 479 280 1
179 485 277 1
180 486 278 1
181 487 279 1
182 488 280 1
142 509 281 1
143 510 282 1
144 511 283 1
145 512 284 1
175 343 474 1
174 342 472 1
177 345 475 1
176 344 473 1
170 394 289 1
171 395 290 1
172 392 291 1
173 393 292 1
162 386 548 1
163 388 549 1
110 565 338 1
111 566 339 1
112 567 340 1
113 568 341 1
146 383 297 1
154 365 505 1
155 366 506 1
130 557 293 1
132 558 294 1
159 559 295 1
161 560 296 1
179 285 485 1
180 286 486 1
181 287 487 1
182 288 488 1
156 351 363 1
157 352 364 1
81 396 315 1
178 315 396 1
82 544 461 1
83 545 462 1
84 546 463 1
85 547 464 1
97 426 324 1
199 338 565 1
200 339 566 1
201 340 567 1
202 341 568 1
106 518 471 1
274 471 518 1
147 337 530 1
45 46 371 1
64 65 372 1
26 27 373 1
7 8 374 1
39 40 375 1
20 21 376 1
58 59 377 1
77 78 378 1
220 461 544 1
221 462 545 1
222 463 546 1
223 464 547 1
204 338 418 1
205 339 419 1
206 340 420 1
207 341 421 1
82 461 306 1
83 462 307 1
84 463 308 1
85 464 309 1
170 532 394 1
171 533 395 1
173 535 393 1
172 534 392 1
36 37 394 1
17 18 395 1
55 56 392 1
74 75 393 1
73 74 535 1
54 55 534 1
16 17 533 1
35 36 532 1
154 293 557 1
155 294 558 1
131 295 559 1
133 296 560 1
122 489 430 1
220 430 489 1
123 490 431 1
221 431 490 1
124 491 432 1
222 432 491 1
125 492 433 1
223 433 492 1
90 293 505 1
91 294 506 1
175 420 423 1
174 418 422 1
177 421 425 1
176 419 424 1
193 397 381 1
97 381 397 1
103 422 310 1
102 423 311 1
105 424 312 1
104 425 313 1
230 357 530 1
220 489 321 1
221 490 322 1
222 491 323 1
223 492 324 1
127 298 497 1
126 299 498 1
129 300 499 1
128 301 500 1
178 396 384 1
109 513 521 1
192 337 434 1
151 322 531 1
192 530 337 1
51 52 443 1
70 71 444 1
32 33 441 1
13 14 442 1
343 541 474 1
342 540 472 1
345 543 475 1
344 542 473 1
109 382 513 1
191 383 550 1
81 320 396 1
1 537 80 1
2 536 23 1
2 24 536 1
1 5 537 1
3 43 538 1
3 538 42 1
4 539 61 1
4 62 539 1
95 380 507 1
148 358 384 1
198 384 358 1
166 353 414 1
167 354 415 1
168 355 416 1
169 356 417 1
183 544 367 1
184 545 368 1
185 546 369 1
186 547 370 1
149 434 315 1
153 324 426 1
48 481 346 1
67 482 347 1
187 346 481 1
188 347 482 1
29 483 348 1
10 484 349 1
189 348 483 1
190 349 484 1
158 325 427 1
160 326 428 1
216 498 316 1
217 497 317 1
218 500 318 1
219 499 319 1
159 335 435 1
161 336 436 1
97 397 551 1
134 418 338 1
135 419 339 1
136 420 340 1
137 421 341 1
162 385 386 1
194 386 385 1
163 387 388 1
196 388 387 1
164 390 389 1
195 389 390 1
187 552 327 1
188 553 328 1
189 554 329 1
190 555 330 1
98 327 437 1
99 328 438 1
100 329 439 1
101 330 440 1
178 480 315 1
251 402 449 1
253 403 451 1
252 404 450 1
254 405 452 1
243 505 365 1
244 506 366 1
183 430 544 1
184 431 545 1
185 432 546 1
186 433 547 1
106 350 548 1
48 49 481 1
67 68 482 1
29 30 483 1
10 11 484 1
193 381 382 1
52 53 495 1
71 72 496 1
33 34 493 1
14 15 494 1
156 408 351 1
157 409 352 1
165 382 381 1
192 359 508 1
96 508 359 1
72 332 496 1
53 331 495 1
15 334 494 1
34 333 493 1
257 321 489 1
258 322 490 1
259 323 491 1
260 324 492 1
95 531 322 1
191 507 380 1
183 367 501 1
184 368 502 1
185 369 503 1
186 370 504 1
153 426 379 1
187 327 526 1
188 328 527 1
189 329 528 1
190 330 529 1
110 476 565 1
111 477 566 1
113 479 568 1
198 379 426 1
33 493 441 1
14 494 442 1
201 441 493 1
202 442 494 1
71 496 444 1
52 495 443 1
199 443 495 1
200 444 496 1
247 565 476 1
248 566 477 1
250 568 479 1
208 445 501 1
209 446 502 1
210 447 503 1
211 448 504 1
108 358 549 1
194 540 342 1
195 541 343 1
196 542 344 1
197 543 345 1
49 353 481 1
68 354 482 1
30 355 483 1
11 356 484 1
187 481 353 1
188 482 354 1
189 483 355 1
190 484 356 1
249 567 478 1
112 478 567 1
146 350 550 1
261 398 465 1
262 399 466 1
263 400 467 1
264 401 468 1
147 530 357 1
327 552 437 1
328 553 438 1
329 554 439 1
330 555 440 1
146 550 383 1
170 449 402 1
171 450 404 1
172 451 403 1
173 452 405 1
166 552 353 1
167 553 354 1
168 554 355 1
169 555 356 1
187 353 552 1
188 354 553 1
189 355 554 1
190 356 555 1
179 465 398 1
180 466 399 1
181 467 400 1
182 468 401 1
106 386 518 1
194 518 386 1
107 389 519 1
108 388 520 1
195 519 389 1
196 520 388 1
178 397 480 1
193 480 397 1
197 521 513 1
165 513 382 1
178 384 551 1
198 551 384 1
249 441 567 1
250 442 568 1
201 567 441 1
202 568 442 1
247 443 565 1
248 444 566 1
199 565 443 1
200 566 444 1
82 367 544 1
83 368 545 1
84 369 546 1
85 370 547 1
165 391 513 1
86 540 385 1
194 385 540 1
195 390 541 1
88 541 390 1
87 542 387 1
196 387 542 1
197 391 543 1
89 543 391 1
230 508 429 1
86 472 540 1
87 473 542 1
88 474 541 1
89 475 543 1
197 513 391 1
220 544 430 1
221 545 431 1
222 546 432 1
223 547 433 1
96 429 508 1
36 394 532 1
17 395 533 1
55 392 534 1
74 393 535 1
183 501 445 1
184 502 446 1
185 503 447 1
186 504 448 1
106 548 386 1
108 549 388 1
178 551 397 1
95 507 531 1
166 437 552 1
167 438 553 1
168 439 554 1
169 440 555 1
203 531 507 1
