0 0
1 0
1 1
0 1
0.029412 0
0.058824 0
0.088235 0
0.11765 0
0.14706 0
0.17647 0
0.20588 0
0.23529 0
0.26471 0
0.29412 0
0.32353 0
0.35294 0
0.38235 0
0.41176 0
0.44118 0
0.47059 0
0.5 0
0.52941 0
0.55882 0
0.58824 0
0.61765 0
0.64706 0
0.67647 0
0.70588 0
0.73529 0
0.76471 0
0.79412 0
0.82353 0
0.85294 0
0.88235 0
0.91176 0
0.94118 0
0.97059 0
1 0.029412
1 0.058824
1 0.088235
1 0.11765
1 0.14706
1 0.17647
1 0.20588
1 0.23529
1 0.26471
1 0.29412
1 0.32353
1 0.35294
1 0.38235
1 0.41176
1 0.44118
1 0.47059
1 0.5
1 0.52941
1 0.55882
1 0.58824
1 0.61765
1 0.64706
1 0.67647
1 0.70588
1 0.73529
1 0.76471
1 0.79412
1 0.82353
1 0.85294
1 0.88235
1 0.91176
1 0.94118
1 0.97059
0.97059 1
0.94118 1
0.91176 1
0.88235 1
0.85294 1
0.82353 1
0.79412 1
0.76471 1
0.73529 1
0.70588 1
0.67647 1
0.64706 1
0.61765 1
0.58824 1
0.55882 1
0.52941 1
0.5 1
0.47059 1
0.44118 1
0.41176 1
0.38235 1
0.35294 1
0.32353 1
0.29412 1
0.26471 1
0.23529 1
0.20588 1
0.17647 1
0.14706 1
0.11765 1
0.088235 1
0.058824 1
0.029412 1
0 0.97059
0 0.94118
0 0.91176
0 0.88235
0 0.85294
0 0.82353
0 0.79412
0 0.76471
0 0.73529
0 0.70588
0 0.67647
0 0.64706
0 0.61765
0 0.58824
0 0.55882
0 0.52941
0 0.5
0 0.47059
0 0.44118
0 0.41176
0 0.38235
0 0.35294
0 0.32353
0 0.29412
0 0.26471
0 0.23529
0 0.20588
0 0.17647
0 0.14706
0 0.11765
0 0.088235
0 0.058824
0 0.029412
0.5 0.5
0.71195 0.7057
0.2943 0.71195
0.7057 0.28805
0.28805 0.2943
0.50152 0.78524
0.21476 0.50152
0.78524 0.49848
0.49848 0.21476
0.82756 0.82858
0.17142 0.82756
0.82858 0.17244
0.17244 0.17142
0.55875 0.64605
0.35156 0.56377
0.64016 0.43306
0.43306 0.35984
0.63822 0.84025
0.15975 0.63822
0.84025 0.36178
0.36178 0.15975
0.84588 0.63967
0.36033 0.84588
0.63967 0.15412
0.15412 0.36033
0.44443 0.66329
0.6662 0.55876
0.33561 0.44394
0.5606 0.32827
0.53422 0.8884
0.1116 0.53422
0.8884 0.46578
0.46578 0.1116
0.73903 0.89096
0.10904 0.73903
0.89096 0.26097
0.26097 0.10904
0.89096 0.73903
0.73903 0.10904
0.26097 0.89096
0.10904 0.26097
0.60357 0.74608
0.25392 0.60357
0.73964 0.39962
0.39962 0.26036
0.89985 0.10201
0.10201 0.10015
0.89799 0.89985
0.10015 0.89799
0.74445 0.60973
0.39027 0.74445
0.60973 0.25555
0.25555 0.39027
0.43902 0.90287
0.90287 0.56098
0.097132 0.43902
0.56098 0.097132
0.74256 0.79722
0.20278 0.74256
0.79722 0.25744
0.25744 0.20278
0.80162 0.72487
0.27513 0.80162
0.72487 0.19838
0.19838 0.27513
0.49305 0.59157
0.57428 0.55259
0.40967 0.49108
0.54897 0.42355
0.64784 0.64315
0.35776 0.6483
0.64315 0.35216
0.34811 0.35748
0.81971 0.91746
0.08254 0.81971
0.91746 0.18029
0.18029 0.08254
0.82051 0.083182
0.91682 0.82051
0.083182 0.17949
0.17949 0.91682
0.51434 0.70221
0.29779 0.51434
0.70056 0.4838
0.48477 0.29819
0.60213 0.91759
0.082412 0.60213
0.91759 0.39787
0.39787 0.082412
0.92131 0.65842
0.65842 0.078694
0.34158 0.92131
0.078694 0.34158
0.43666 0.82364
0.82364 0.56334
0.17636 0.43666
0.56334 0.17636
0.46055 0.4324
0.5685 0.81843
0.18157 0.5685
0.81843 0.4315
0.4315 0.18157
0.66853 0.77621
0.22379 0.66853
0.77621 0.33147
0.33147 0.22379
0.68163 0.9312
0.0688 0.68163
0.9312 0.31837
0.31837 0.0688
0.42789 0.55846
0.5875 0.47986
0.50149 0.37375
0.44885 0.73685
0.73361 0.54948
0.26315 0.44885
0.55923 0.27112
0.39731 0.41569
0.49646 0.9416
0.058402 0.49646
0.9416 0.50354
0.50354 0.058402
0.40851 0.61861
0.49304 0.84365
0.15635 0.49304
0.84365 0.50696
0.50696 0.15635
0.70342 0.84644
0.15356 0.70342
0.84644 0.29658
0.29658 0.15356
0.83761 0.76562
0.23438 0.83761
0.76562 0.16239
0.16239 0.23438
0.76264 0.67153
0.32847 0.76264
0.67153 0.23736
0.23736 0.32847
0.94438 0.60403
0.60403 0.055621
0.39597 0.94438
0.055621 0.39597
0.6454 0.70184
0.29816 0.6454
0.70184 0.3546
0.3546 0.29816
0.61059 0.59887
0.59887 0.38941
0.64533 0.51115
0.94367 0.060591
0.060591 0.056334
0.93941 0.94367
0.056334 0.93941
0.55647 0.93975
0.060254 0.55647
0.93975 0.44353
0.44353 0.060254
0.77271 0.84363
0.15637 0.77271
0.84363 0.22729
0.22729 0.15637
0.7632 0.9433
0.056703 0.7632
0.9433 0.2368
0.2368 0.056703
0.94259 0.76478
0.76478 0.057413
0.23522 0.94259
0.057413 0.23522
0.84918 0.69536
0.30464 0.84918
0.69536 0.15082
0.15082 0.30464
0.51008 0.64407
0.35547 0.5068
0.57272 0.6987
0.3013 0.57272
0.69482 0.43107
0.42956 0.30332
0.54779 0.7419
0.2581 0.54779
0.7419 0.45221
0.45221 0.2581
0.86227 0.94262
0.057378 0.86227
0.94262 0.13773
0.13773 0.057378
0.86418 0.05564
0.05564 0.13582
0.94436 0.86418
0.13582 0.94436
0.69399 0.60661
0.39452 0.69019
0.60661 0.30601
0.30619 0.39391
0.58289 0.87065
0.12935 0.58289
0.87065 0.41711
0.41711 0.12935
0.74968 0.74229
0.25771 0.74968
0.74229 0.25032
0.25032 0.25771
0.61894 0.79418
0.20582 0.61894
0.79418 0.38106
0.38106 0.20582
0.71824 0.054415
0.94559 0.71824
0.054415 0.28176
0.28176 0.94559
0.85573 0.88352
0.88352 0.14427
0.11648 0.85573
0.14427 0.11648
0.52272 0.5498
0.7992 0.60749
0.39251 0.7992
0.60749 0.2008
0.2008 0.39251
0.79177 0.7923
0.2077 0.79177
0.7923 0.20823
0.20823 0.2077
0.71117 0.65547
0.34453 0.71117
0.65547 0.28883
0.28883 0.34453
0.88774 0.61232
0.61232 0.11226
0.38768 0.88774
0.11226 0.38768
0.54207 0.59537
0.50662 0.45297
0.80846 0.67381
0.32619 0.80846
0.67381 0.19154
0.19154 0.32619
0.45292 0.51489
0.60699 0.66266
0.33406 0.60873
0.66266 0.39301
0.39127 0.33406
0.95128 0.55312
0.55312 0.048717
0.44688 0.95128
0.048717 0.44688
0.87181 0.80779
0.19221 0.87181
0.80779 0.12819
0.12819 0.19221
0.55453 0.50781
0.48884 0.88636
0.11364 0.48884
0.88636 0.51116
0.51116 0.11364
0.42993 0.77702
0.77702 0.57007
0.22298 0.42993
0.57007 0.22298
0.67165 0.88161
0.11839 0.67165
0.88161 0.32835
0.32835 0.11839
0.72283 0.95197
0.048027 0.72283
0.95197 0.27717
0.27717 0.048027
0.45462 0.61767
0.62201 0.54439
0.63999 0.95509
0.044908 0.63999
0.95509 0.36001
0.36001 0.044908
0.37679 0.45876
0.5943 0.43569
0.5459 0.38024
0.80708 0.87306
0.12694 0.80708
0.87306 0.19292
0.19292 0.12694
0.70516 0.75158
0.24842 0.70516
0.75158 0.29484
0.29484 0.24842
0.85535 0.10865
0.89135 0.85535
0.10865 0.14465
0.14465 0.89135
0.35349 0.40232
0.3914 0.53337
0.47076 0.33968
0.51838 0.32581
0.80882 0.95919
0.040813 0.80882
0.95919 0.19118
0.19118 0.040813
0.81093 0.04035
0.04035 0.18907
0.95965 0.81093
0.18907 0.95965
0.47678 0.54957
0.42258 0.44968
0.4976 0.73682
0.47149 0.69638
0.26318 0.4976
0.30362 0.47149
0.69531 0.52799
0.73693 0.50749
0.50699 0.26183
0.46428 0.47428
0.4613 0.38842
0.65123 0.60011
0.59861 0.34733
0.53731 0.84512
0.15488 0.53731
0.84512 0.46269
0.46269 0.15488
0.57704 0.77715
0.22285 0.57704
0.77715 0.42296
0.42296 0.22285
0.88194 0.66253
0.66253 0.11806
0.33747 0.88194
0.11806 0.33747
0.45134 0.86275
0.13725 0.45134
0.86275 0.54866
0.54866 0.13725
0.96037 0.64444
0.64444 0.039628
0.35556 0.96037
0.039628 0.35556
0.84652 0.59982
0.59982 0.15348
0.40018 0.84652
0.15348 0.40018
0.387 0.37426
0.59291 0.95865
0.041353 0.59291
0.95865 0.40709
0.40709 0.041353
0.66399 0.46706
0.64446 0.74479
0.25521 0.64446
0.74479 0.35554
0.35554 0.25521
0.77938 0.90378
0.096224 0.77938
0.90378 0.22062
0.22062 0.096224
0.54657 0.46607
0.89958 0.77784
0.77784 0.10042
0.22216 0.89958
0.10042 0.22216
0.62931 0.88417
0.11583 0.62931
0.88417 0.37069
0.37069 0.11583
0.95978 0.095059
0.095059 0.040216
0.90498 0.041213
0.90494 0.95978
0.040216 0.90494
0.95879 0.90498
0.041213 0.095021
0.095021 0.95879
0.66295 0.81866
0.18134 0.66295
0.81866 0.33705
0.33705 0.18134
0.90057 0.69918
0.69918 0.099432
0.30082 0.90057
0.099432 0.30082
0.67958 0.67635
0.32365 0.67958
0.67635 0.32042
0.32042 0.32365
0.53804 0.79451
0.20549 0.53804
0.79451 0.46196
0.46196 0.20549
0.54044 0.67017
0.33679 0.54387
0.40193 0.65429
0.57576 0.90726
0.092739 0.57576
0.90726 0.42424
0.42424 0.092739
0.46772 0.81092
0.18908 0.46772
0.81092 0.53228
0.53228 0.18908
0.49761 0.41205
0.60842 0.70453
0.29547 0.60842
0.70673 0.38976
0.38999 0.29377
0.59791 0.83624
0.16376 0.59791
0.83624 0.40209
0.40209 0.16376
0.77382 0.64477
0.35523 0.77382
0.64477 0.22618
0.22618 0.35523
0.52151 0.96362
0.036377 0.52151
0.96362 0.47849
0.47849 0.036377
0.4017 0.57319
0.70227 0.8007
0.1993 0.70227
0.8007 0.29773
0.29773 0.1993
0.62578 0.46849
0.52254 0.29055
0.78301 0.75856
0.24144 0.78301
0.75856 0.21699
0.21699 0.24144
0.42391 0.70284
0.70376 0.57981
0.2974 0.42337
0.57366 0.297
0.83539 0.73043
0.26957 0.83539
0.73043 0.16461
0.16461 0.26957
0.73833 0.85473
0.14527 0.73833
0.85473 0.26167
0.26167 0.14527
0.59821 0.5158
0.37115 0.60645
0.69327 0.89892
0.10108 0.69327
0.89892 0.30673
0.30673 0.10108
0.45664 0.76273
0.77005 0.54238
0.23727 0.45664
0.54238 0.22995
0.67874 0.7273
0.2727 0.67874
0.7273 0.32126
0.32126 0.2727
0.47384 0.66835
0.33201 0.47513
0.45284 0.58857
0.4335 0.41015
0.68507 0.96475
0.035247 0.68507
0.96475 0.31493
0.31493 0.035247
0.5731 0.58674
0.85282 0.91249
0.087506 0.85282
0.91249 0.14718
0.14718 0.087506
0.68616 0.038276
0.96172 0.68616
0.038276 0.31384
0.31384 0.96172
0.64822 0.92435
0.075651 0.64822
0.92435 0.35178
0.35178 0.075651
0.74043 0.71318
0.28682 0.74043
0.71318 0.25957
0.25957 0.28682
0.52371 0.9201
0.079897 0.52371
0.9201 0.47629
0.47629 0.079897
0.8611 0.83577
0.83577 0.1389
0.16423 0.8611
0.1389 0.16423
0.42287 0.73136
0.73123 0.57811
0.26868 0.4228
0.58321 0.26653
0.60652 0.6324
0.63164 0.39223
0.96153 0.039178
0.039178 0.038468
0.96082 0.96153
0.038468 0.96082
0.95953 0.5867
0.5867 0.040465
0.4133 0.95953
0.040465 0.4133
0.74126 0.033984
0.96602 0.74126
0.033984 0.25874
0.25874 0.96602
0.51819 0.80479
0.19521 0.51819
0.80479 0.48181
0.48181 0.19521
0.96567 0.52457
0.52457 0.034325
0.47543 0.96567
0.034325 0.47543
0.91566 0.63173
0.63173 0.084338
0.36827 0.91566
0.084338 0.36827
0.73692 0.92484
0.075155 0.73692
0.92484 0.26308
0.26308 0.075155
0.83504 0.96694
0.033063 0.83504
0.028122 0.16272
0.16272 0.97188
0.83728 0.028122
0.97188 0.83728
0.96694 0.16496
0.16496 0.033063
0.87553 0.76504
0.23496 0.87553
0.76504 0.12447
0.12447 0.23496
0.9251 0.73949
0.73949 0.074905
0.26051 0.9251
0.074905 0.26051
0.74697 0.97059
0.029412 0.74697
0.97059 0.25303
0.25303 0.029412
0.429 0.87848
0.12152 0.429
0.87848 0.571
0.571 0.12152
0.54382 0.71555
0.28445 0.54382
0.71448 0.45577
0.45655 0.28482
0.56931 0.72707
0.27293 0.56931
0.7275 0.42775
0.42688 0.27077
0.6916 0.63693
0.36328 0.69096
0.63693 0.3084
0.31598 0.36244
0.46379 0.92369
0.07631 0.46379
0.92369 0.53621
0.53621 0.07631
0.74366 0.64436
0.35564 0.74366
0.64436 0.25634
0.25634 0.35564
0.48385 0.62207
0.52597 0.40249
0.93264 0.58149
0.58149 0.067363
0.41851 0.93264
0.067363 0.41851
0.53536 0.62636
0.82351 0.79706
0.20294 0.82351
0.79706 0.17649
0.17649 0.20294
0.97121 0.78225
0.78225 0.028786
0.21775 0.97121
0.028786 0.21775
0.62952 0.57296
0.76815 0.81268
0.79845 0.82024
0.18732 0.76815
0.17976 0.79845
0.81268 0.23185
0.82024 0.20155
0.23185 0.18732
0.20155 0.17976
0.81665 0.64967
0.35033 0.81665
0.64967 0.18335
0.18335 0.35033
0.92536 0.088279
0.088279 0.074643
0.91172 0.92536
0.074643 0.91172
0.63948 0.6694
0.33058 0.63958
0.6694 0.36052
0.35998 0.33042
0.96986 0.21702
0.21702 0.030137
0.78298 0.96986
0.030137 0.78298
0.50751 0.86879
0.13121 0.50751
0.86879 0.49249
0.49249 0.13121
0.72144 0.8198
0.1802 0.72144
0.8198 0.27856
0.27856 0.1802
0.76429 0.87241
0.12759 0.76429
0.87241 0.23571
0.23571 0.12759
0.66722 0.52971
0.78501 0.69286
0.30714 0.78501
0.69286 0.21499
0.21499 0.30714
0.89418 0.069503
0.069503 0.10582
0.9305 0.89418
0.10582 0.9305
0.56892 0.39962
0.71888 0.62531
0.37445 0.71629
0.62531 0.28112
0.28112 0.37469
0.67155 0.84964
0.15036 0.67155
0.84964 0.32845
0.32845 0.15036
0.54673 0.56627
0.42081 0.52516
0.4293 0.63927
0.38096 0.48942
0.75479 0.77149
0.22851 0.75479
0.77149 0.24521
0.24521 0.22851
0.42332 0.58797
0.60131 0.56624
0.44466 0.33286
0.57634 0.36851
0.37165 0.42813
0.41067 0.38551
0.96786 0.61754
0.61754 0.032136
0.38246 0.96786
0.032136 0.38246
0.81973 0.69778
0.83299 0.6691
0.30222 0.81973
0.69778 0.18027
0.3309 0.83299
0.6691 0.16701
0.18027 0.30222
0.16701 0.3309
0.71456 0.87724
0.12276 0.71456
0.87724 0.28544
0.28544 0.12276
0.73324 0.68156
0.31844 0.73324
0.68156 0.26676
0.26676 0.31844
0.97591 0.069849
0.069849 0.024085
0.92915 0.029484
0.97052 0.92915
0.93015 0.97591
0.029484 0.070855
0.024085 0.93015
0.070855 0.97052
0.84519 0.083884
0.91612 0.84519
0.083884 0.15481
0.15481 0.91612
0.6246 0.7645
0.2355 0.6246
0.7625 0.37432
0.37432 0.2375
0.57135 0.97002
0.029975 0.57135
0.97002 0.42865
0.42865 0.029975
0.38069 0.63113
0.63182 0.62119
0.62173 0.36875
0.63829 0.81473
0.18527 0.63829
0.81473 0.36171
0.36171 0.18527
0.43523 0.4763
0.86549 0.71993
0.28007 0.86549
0.71993 0.13451
0.13451 0.28007
0.57874 0.6678
0.3312 0.57981
0.66605 0.42028
0.51731 0.7558
0.2442 0.51731
0.7558 0.48269
0.48269 0.2442
0.55296 0.86271
0.13729 0.55296
0.86271 0.44704
0.44704 0.13729
0.51904 0.57991
0.76988 0.72086
0.27914 0.76988
0.72086 0.23012
0.23012 0.27914
0.40105 0.77398
0.77398 0.59895
0.22602 0.40105
0.59895 0.22602
0.67401 0.49894
0.61527 0.49531
0.51336 0.60993
0.50658 0.672
0.32324 0.50768
0.8137 0.75062
0.24938 0.8137
0.75062 0.1863
0.1863 0.24938
0.5194 0.47773
0.83801 0.93876
0.061238 0.83801
0.93876 0.16199
0.16199 0.061238
0.36179 0.5349
0.55013 0.53569
0.79241 0.9318
0.068201 0.79241
0.9318 0.20759
0.20759 0.068201
0.93626 0.7983
0.7983 0.063743
0.2017 0.93626
0.063743 0.2017
0.72705 0.76491
0.23509 0.72705
0.76491 0.27295
0.27295 0.23509
0.46411 0.83902
0.16098 0.46411
0.83902 0.53589
0.53589 0.16098
0.57477 0.45643
0.87494 0.63709
0.63709 0.12506
0.36291 0.87494
0.12506 0.36291
0.89068 0.8272
0.8272 0.10932
0.1728 0.89068
0.10932 0.1728
0.61557 0.8625
0.1375 0.61557
0.8625 0.38443
0.38443 0.1375
0.52444 0.35725
0.52678 0.51321
0.32617 0.41728
0.97047 0.12509
0.12509 0.029526
0.87491 0.97047
0.029526 0.87491
0.8696 0.023969
0.97603 0.8696
0.023969 0.1304
0.1304 0.97603
0.41841 0.80059
0.80059 0.58159
0.19941 0.41841
0.58159 0.19941
0.83658 0.85985
0.14015 0.83658
0.85985 0.16342
0.16342 0.14015
0.58368 0.93617
0.063832 0.58368
0.93617 0.41632
0.41632 0.063832
0.58191 0.62096
0.723 0.73191
0.26809 0.723
0.73191 0.277
0.277 0.26809
0.88116 0.92056
0.079445 0.88116
0.92056 0.11884
0.11884 0.079445
0.60342 0.89225
0.10775 0.60342
0.89225 0.39658
0.39658 0.10775
0.61766 0.97127
0.028726 0.61766
0.97127 0.38234
0.38234 0.028726
0.47769 0.52243
0.70847 0.92798
0.072018 0.70847
0.92798 0.29153
0.29153 0.072018
0.92742 0.68971
0.68971 0.072578
0.31029 0.92742
0.072578 0.31029
0.82912 0.89063
0.10937 0.82912
0.89063 0.17088
0.17088 0.10937
0.66322 0.9764
0.023596 0.66322
0.9764 0.33678
0.33678 0.023596
0.67623 0.58463
0.58709 0.32497
0.45188 0.54143
0.57306 0.84469
0.15531 0.57306
0.84469 0.42694
0.42694 0.15531
0.87889 0.11684
0.88316 0.87889
0.11684 0.12111
0.12111 0.88316
0.82672 0.62008
0.62008 0.17328
0.37992 0.82672
0.17328 0.37992
0.51868 0.72749
0.27251 0.51868
0.72705 0.48179
0.48123 0.27198
0.54116 0.81807
0.18193 0.54116
0.81807 0.45884
0.45884 0.18193
0.59127 0.80173
0.19827 0.59127
0.80173 0.40873
0.40873 0.19827
0.90188 0.58443
0.41557 0.90188
0.58443 0.098122
0.098122 0.41557
0.44789 0.79357
0.79812 0.55339
0.20643 0.44789
0.55339 0.20188
0.33327 0.38491
0.024397 0.28643
0.28643 0.9756
0.71357 0.024397
0.9756 0.71357
0.058593 0.17019
0.17019 0.94141
0.82981 0.058593
0.94141 0.82981
0.50869 0.89646
0.10354 0.50869
0.89646 0.49131
0.49131 0.10354
0.87336 0.088499
0.9115 0.87336
0.088499 0.12664
0.12664 0.9115
0.40404 0.35619
0.47753 0.45371
0.41948 0.6764
0.67846 0.70396
0.29604 0.67846
0.70396 0.32154
0.32154 0.29604
0.64596 0.78967
0.21033 0.64596
0.78937 0.35475
0.35475 0.21063
0.686 0.46011
0.4622 0.3119
0.51705 0.42931
0.6171 0.41622
0.41709 0.33346
0.47829 0.86353
0.13647 0.47829
0.86353 0.52171
0.52171 0.13647
0.62356 0.72679
0.27321 0.62356
0.72792 0.37403
0.37404 0.27211
0.47864 0.36638
0.54399 0.31087
0.56362 0.48501
0.35435 0.62388
0.49192 0.47524
0.97673 0.54667
0.54667 0.023269
0.45333 0.97673
0.023269 0.45333
0.42705 0.84945
0.84945 0.57295
0.15055 0.42705
0.57295 0.15055
0.61571 0.94052
0.059475 0.61571
0.94052 0.38429
0.38429 0.059475
0.40168 0.46633
0.67422 0.7492
0.2508 0.67422
0.7492 0.32578
0.32578 0.2508
0.38133 0.55669
0.37401 0.35345
0.80538 0.84779
0.15221 0.80538
0.84779 0.19462
0.19462 0.15221
0.78825 0.66243
0.33757 0.78825
0.66243 0.21175
0.21175 0.33757
0.4623 0.89012
0.10988 0.4623
0.89012 0.5377
0.5377 0.10988
0.84714 0.81036
0.18964 0.84714
0.81036 0.15286
0.15286 0.18964
0.49292 0.71307
0.28693 0.49292
0.71073 0.50693
0.62672 0.64684
0.64739 0.37315
0.57621 0.52588
0.74903 0.82735
0.17265 0.74903
0.82735 0.25097
0.25097 0.17265
0.39698 0.44119
0.37663 0.66456
0.46253 0.64227
0.87637 0.69035
0.69035 0.12363
0.30965 0.87637
0.12363 0.30965
0.66937 0.9054
0.094603 0.66937
0.9054 0.33063
0.33063 0.094603
0.44774 0.45355
0.49664 0.34883
0.66612 0.62094
0.62079 0.33501
0.85645 0.74635
0.25365 0.85645
0.74635 0.14355
0.14355 0.25365
0.71234 0.97441
0.025586 0.71234
0.97441 0.28766
0.28766 0.025586
0.69978 0.68294
0.31706 0.69978
0.68294 0.30022
0.30022 0.31706
0.43399 0.75263
0.75198 0.55959
0.24737 0.43398
0.56207 0.24844
0.64639 0.86818
0.13182 0.64639
0.86818 0.35361
0.35361 0.13182
0.49117 0.32376
0.023346 0.33677
0.33677 0.97665
0.66323 0.023346
0.97665 0.66323
0.50033 0.53406
0.66421 0.95008
0.049917 0.66421
0.95008 0.33579
0.33579 0.049917
0.60226 0.45956
0.80995 0.77447
0.22553 0.80995
0.77447 0.19005
0.19005 0.22553
0.89876 0.65003
0.65003 0.10124
0.34997 0.89876
0.10124 0.34997
0.90297 0.799
0.799 0.097028
0.201 0.90297
0.097028 0.201
0.62365 0.5217
0.97362 0.45679
0.45679 0.026378
0.54321 0.97362
0.026378 0.54321
0.5001 0.97638
0.02362 0.5001
0.97638 0.4999
0.4999 0.02362
0.80246 0.90007
0.099928 0.80246
0.90007 0.19754
0.19754 0.099928
0.43335 0.50053
0.36237 0.37852
0.6439 0.54504
0.38042 0.39741
0.54668 0.91298
0.087024 0.54668
0.91298 0.45332
0.45332 0.087024
0.82435 0.59088
0.59088 0.17565
0.40912 0.82435
0.17565 0.40912
0.48758 0.91191
0.088094 0.48758
0.91191 0.51242
0.51242 0.088094
0.69002 0.82214
0.17786 0.69002
0.82214 0.30998
0.30998 0.17786
0.35301 0.45519
0.85554 0.78582
0.21418 0.85554
0.78582 0.14446
0.14446 0.21418
0.49763 0.56262
0.60024 0.77461
0.22539 0.60024
0.7728 0.40042
0.40042 0.2272
0.91879 0.058812
0.94119 0.91879
0.058812 0.08121
0.08121 0.94119
0.69576 0.77493
0.22507 0.69576
0.77493 0.30424
0.30424 0.22507
0.57937 0.75207
0.24793 0.57937
0.75371 0.42241
0.42334 0.24557
0.47501 0.49666
0.76134 0.91591
0.084094 0.76134
0.91591 0.23866
0.23866 0.084094
0.33563 0.9466
0.9466 0.66437
0.053399 0.33563
0.66437 0.053399
0.43165 0.61289
0.43913 0.38154
0.47126 0.59939
0.54899 0.77045
0.22955 0.54899
0.77069 0.45127
0.4514 0.22921
0.61955 0.44362
0.57242 0.42688
0.39987 0.71715
0.71759 0.6011
0.28238 0.3994
0.60085 0.28218
0.90899 0.75788
0.24212 0.90899
0.75788 0.091014
0.091014 0.24212
0.39557 0.51166
0.599 0.53894
0.68973 0.86733
0.13267 0.68973
0.86733 0.31027
0.31027 0.13267
0.59488 0.68529
0.31471 0.59488
0.68792 0.40433
0.35285 0.59435
0.71647 0.085751
0.91425 0.71647
0.085751 0.28353
0.28353 0.91425
0.93931 0.63184
0.36816 0.93931
0.63184 0.060694
0.060694 0.36816
0.90061 0.67556
0.67556 0.099391
0.32444 0.90061
0.099391 0.32444
0.44854 0.68735
0.68728 0.55401
0.31162 0.4493
0.56156 0.79542
0.20458 0.56156
0.79544 0.43845
0.43846 0.20456
0.47206 0.41147
0.48598 0.39142
0.66556 0.44436
0.85824 0.61974
0.61974 0.14176
0.38026 0.85824
0.14176 0.38026
0.78693 0.86376
0.13624 0.78693
0.86376 0.21307
0.21307 0.13624
0.89706 0.98181
0.018192 0.89706
0.019855 0.10299
0.89701 0.019855
0.10299 0.98015
0.98015 0.89701
0.98181 0.10294
0.10294 0.018192
0.53596 0.69308
0.31258 0.53721
0.40568 0.55039
0.91664 0.61093
0.61093 0.083363
0.38907 0.91664
0.083363 0.38907
0.55345 0.35291
0.74248 0.94768
0.052324 0.74248
0.94768 0.25752
0.25752 0.052324
0.41774 0.42988
0.47272 0.72983
0.27017 0.47272
0.72227 0.5287
0.94376 0.113
0.113 0.056242
0.887 0.94376
0.056242 0.887
0.62115 0.68556
0.31444 0.62115
0.68556 0.37885
0.37885 0.31444
0.86268 0.13442
0.86558 0.86268
0.13442 0.13732
0.13732 0.86558
0.4877 0.76071
0.23929 0.4877
0.74593 0.53332
0.76264 0.5138
0.53592 0.26134
0.51475 0.2376
0.50042 0.28604
0.64445 0.48259
0.70027 0.72961
0.27039 0.70027
0.72961 0.29973
0.29973 0.27039
0.80888 0.98007
0.019932 0.80888
0.98007 0.19112
0.19112 0.019932
0.80882 0.017757
0.98224 0.80882
0.017757 0.19118
0.19118 0.98224
0.65155 0.76488
0.23512 0.65155
0.76441 0.34837
0.34837 0.23559
0.44806 0.7141
0.28577 0.44809
0.47554 0.78872
0.21128 0.47554
0.78973 0.52399
0.5241 0.2103
0.45526 0.35812
0.47349 0.57589
0.55705 0.61436
0.65585 0.72454
0.27546 0.65585
0.72528 0.34297
0.34297 0.27472
0.51713 0.83798
0.16202 0.51713
0.83798 0.48287
0.48287 0.16202
0.43642 0.43513
0.53209 0.64917
0.97975 0.63797
0.63797 0.020248
0.36203 0.97975
0.020248 0.36203
0.94556 0.52936
0.47064 0.94556
0.52936 0.054439
0.054439 0.47064
0.67849 0.79761
0.20239 0.67849
0.79761 0.32151
0.32151 0.20239
0.76059 0.69683
0.30317 0.76059
0.69683 0.23941
0.23941 0.30317
0.49149 0.81791
0.18209 0.49149
0.81796 0.50849
0.50849 0.18204
0.59283 0.72587
0.27413 0.59283
0.7117 0.41298
0.41298 0.2883
0.88789 0.71508
0.71508 0.11211
0.28492 0.88789
0.11211 0.28492
0.52276 0.38043
0.37509 0.58234
0.45216 0.49253
0.50346 0.30487
0.85959 0.66358
0.66358 0.14041
0.33642 0.85959
0.14041 0.33642
0.54017 0.33502
0.53226 0.94256
0.057445 0.53226
0.94256 0.46774
0.46774 0.057445
0.53065 0.44996
0.54595 0.28822
0.34738 0.42644
0.55687 0.8892
0.1108 0.55687
0.8892 0.44313
0.44313 0.1108
0.65245 0.57653
0.59756 0.97999
0.020011 0.59756
0.97999 0.40244
0.40244 0.020011
0.57522 0.3444
0.61716 0.81722
0.18278 0.61716
0.81722 0.38284
0.38284 0.18278
0.54218 0.48997
0.5554 0.44533
0.42974 0.97918
0.020816 0.42974
0.97918 0.57026
0.57026 0.020816
0.62514 0.9083
0.0917 0.62514
0.9083 0.37486
0.37486 0.0917
0.88157 0.7863
0.2137 0.88157
0.7863 0.11843
0.11843 0.2137
0.76872 0.78853
0.21147 0.76872
0.78853 0.23128
0.23128 0.21147
0.81684 0.9397
0.060302 0.81684
0.9397 0.18316
0.18316 0.060302
0.54744 0.40148
0.71845 0.90399
0.096011 0.71845
0.90399 0.28155
0.28155 0.096011
0.97902 0.75876
0.75876 0.020977
0.24124 0.97902
0.020977 0.24124
0.69063 0.01638
0.98362 0.69063
0.01638 0.30937
0.30937 0.98362
0.37881 0.76968
0.76968 0.62119
0.23032 0.37881
0.62119 0.23032
0.75558 0.58473
0.41449 0.75569
0.58481 0.2439
0.24431 0.41448
0.63712 0.98055
0.019446 0.63712
0.98055 0.36288
0.36288 0.019446
0.4014 0.98139
0.018608 0.4014
0.98139 0.5986
0.5986 0.018608
0.64835 0.89533
0.10467 0.64835
0.89533 0.35165
0.35165 0.10467
0.39299 0.59985
0.98106 0.018938
0.018938 0.018938
0.98106 0.98106
0.018938 0.98106
0.64267 0.45529
0.52383 0.7807
0.2193 0.52383
0.78073 0.47621
0.47623 0.21925
0.58199 0.50153
0.87417 0.89906
0.10094 0.87417
0.89906 0.12583
0.12583 0.10094
0.36044 0.47676
0.48996 0.43267
0.53066 0.86481
0.13519 0.53066
0.86481 0.46934
0.46934 0.13519
0.94482 0.74094
0.74094 0.055179
0.25906 0.94482
0.055179 0.25906
0.49184 0.6904
0.30872 0.49231
0.6682 0.65524
0.34407 0.66721
0.65522 0.33191
0.33284 0.33843
0.87039 0.59338
0.59338 0.12961
0.40662 0.87039
0.12961 0.40662
0.55471 0.8362
0.1638 0.55471
0.8362 0.44529
0.44529 0.1638
0.71224 0.55302
0.70207 0.95006
0.049936 0.70207
0.95006 0.29793
0.29793 0.049936
0.58996 0.41217
0.9563 0.016475
0.016475 0.0437
0.98461 0.044118
0.95588 0.98461
0.044118 0.015387
0.98352 0.9563
0.015387 0.95588
0.0437 0.98352
0.56015 0.67809
0.58658 0.64597
0.32435 0.55981
0.64483 0.41164
0.041861 0.11623
0.11623 0.95814
0.88377 0.041861
0.95814 0.88377
0.4396 0.92313
0.076875 0.4396
0.92313 0.5604
0.5604 0.076875
0.63162 0.59603
0.59889 0.3685
0.37554 0.51822
0.71946 0.78869
0.21131 0.71946
0.78869 0.28054
0.28054 0.21131
0.40329 0.31123
0.65967 0.68265
0.31728 0.65957
0.68265 0.34035
0.34039 0.31669
0.69018 0.66083
0.3391 0.68994
0.66083 0.30984
0.31105 0.33818
0.6905 0.98445
0.015553 0.6905
0.98445 0.3095
0.3095 0.015553
0.45024 0.56533
0.6811 0.4792
0.50676 0.39203
0.48738 0.64975
0.91808 0.77956
0.77956 0.081923
0.22044 0.91808
0.081923 0.22044
0.78329 0.88455
0.11545 0.78329
0.88455 0.21671
0.21671 0.11545
0.3382 0.52381
0.89875 0.62842
0.62842 0.10125
0.37158 0.89875
0.10125 0.37158
0.79561 0.63351
0.36649 0.79561
0.63351 0.20439
0.20439 0.36649
0.76379 0.89371
0.10629 0.76379
0.89371 0.23621
0.23621 0.10629
